0 INTELSAT 1-F1
1 01317U 65028A   26058.98586252 -.00000197  00000-0  00000-0 0  9997
2 01317   6.8908  64.8444 0005767 165.5320 194.1940  1.00183815126073
0 INTELSAT 2-F1
1  2514U 66096A   26062.49446053 -.00000357  00000-0  00000+0 0  9995
2  2514  17.5608  74.9772 6394244 144.9595 281.9853  2.00382013 92697
0 INTELSAT 2-F2
1  2639U 67001A   26062.29548765 -.00000232  00000-0  00000+0 0  9993
2  2639   2.9809  78.3706 0008194 209.9439 309.9797  1.00217676118182
0 INTELSAT 2-F3
1  2717U 67026A   26062.16002694  .00000041  00000-0  00000+0 0  9996
2  2717   3.8181  68.6441 0019670 225.6448 291.5939  1.00310192122834
0 INTELSAT 2-F4
1  2969U 67094A   26062.42072164 -.00000049  00000-0  00000+0 0  9997
2  2969   3.8072  75.3126 0010694 153.3658 328.1301  1.00377945114250
0 INTELSAT 3-F2
1  3623U 68116A   26062.40962825 -.00000134  00000-0  00000+0 0  9996
2  3623   4.2846 297.2382 0092207  86.0728 112.0280  0.90194547 81826
0 INTELSAT 3-F3
1  3674U 69011A   26061.84211231 -.00000210  00000-0  00000+0 0  9997
2  3674   9.7668 303.7705 0182605 359.7603 196.0044  0.84931127 65794
0 INTELSAT 3-F4
1  3947U 69045A   26062.49247290 -.00000109  00000-0  00000+0 0  9990
2  3947   4.0299 288.6131 0024782  72.6558  64.5079  0.90044460 65014
0 INTELSAT 3-F6
1  4297U 70003A   26062.42313454  .00000015  00000-0  00000+0 0  9999
2  4297   0.8099  92.6749 0011968 253.0807 224.2312  0.99154799175818
0 INTELSAT 3-F7
1 04376U 70032A   26061.51299964 -.00000359  00000-0  00000-0 0  9990
2 04376   2.1523  89.9540 0005014 222.5705 137.9455  1.00372223 46298
0 INTELSAT 3-F8
1  4478U 70055A   26062.43474794 -.00000209  00000-0  00000+0 0  9999
2  4478   5.2012  70.5024 0316526 113.6644  83.7796  1.02264220121745
0 INTELSAT 4-F2
1  4881U 71006A   26062.33031142  .00000018  00000-0  00000+0 0  9996
2  4881   4.6201 277.6484 0013389  89.3065 167.0430  0.98835643120458
0 INTELSAT 4-F3
1  5709U 71116A   26062.30484772 -.00000011  00000-0  00000+0 0  9990
2  5709   6.6519 291.7888 0010649 109.6639 247.5353  0.99624290117815
0 INTELSAT 4-F4
1  5775U 72003A   26062.43700129 -.00000287  00000-0  00000+0 0  9995
2  5775   6.9936 295.2485 0001947  80.2046 268.5420  0.99835813136334
0 INTELSAT 4-F5
1  6052U 72041A   26061.68907497  .00000011  00000-0  00000+0 0  9993
2  6052   5.9917 287.8303 0003689 326.8602  32.9991  1.00093283 45592
0 INTELSAT 4-F7
1  6796U 73058A   26062.39793340 -.00000267  00000-0  00000+0 0  9990
2  6796   7.4806 297.6814 0002638 224.3803 115.4417  0.99148192134591
0 INTELSAT 4-F8
1  7544U 74093A   26062.17086034  .00000074  00000-0  00000+0 0  9998
2  7544   8.1936 305.2767 0001386 232.8209 105.7662  0.99779716124147
0 INTELSAT 4-F1
1 07815U 75042A   26061.26351655  .00000074  00000-0  00000-0 0  9998
2 07815   8.4768 306.8726 0011994 283.2722  76.5734  0.99258261120892
0 INTELSAT 4A-F1
1  8330U 75091A   26061.62959651 -.00000293  00000-0  00000+0 0  9998
2  8330   8.0955 305.0217 0004498 280.8911 265.1468  0.99922787120407
0 INTELSAT 4A-F2
1  8620U 76010A   26062.28239262  .00000095  00000-0  00000+0 0  9993
2  8620   8.1253 304.6159 0006811 315.2701  41.0458  0.99686426619558
0 INTELSAT 4A-F4
1 10024U 77041A   26060.81479314  .00000088  00000-0  00000-0 0  9993
2 10024   9.1079 311.8272 0012874 279.2933 277.9786  0.99439377 45912
0 INTELSAT 4A-F3
1 10557U 78002A   26062.30718772  .00000093  00000-0  00000+0 0  9997
2 10557   9.1923 313.3537 0004823 313.9713  34.2285  0.99908883 47686
0 INTELSAT 4A-F6
1 10778U 78035A   26062.47149479 -.00000305  00000-0  00000+0 0  9995
2 10778   8.9743 312.3748 0008728 318.8984 199.0010  1.00294401121106
0 INTELSAT 502
1 12089U 80098A   26062.14867354 -.00000218  00000-0  00000+0 0  9990
2 12089  11.4390 327.6387 0013586 324.7846 232.4851  0.98891486132670
0 INTELSAT 501
1 12474U 81050A   26062.28517038  .00000025  00000-0  00000+0 0  9998
2 12474  11.1291 325.3306 0006575 315.8701 225.7656  0.98849563136628
0 INTELSAT 503
1 12994U 81119A   26061.01590447 -.00000206  00000-0  00000-0 0  9999
2 12994  11.4055 327.7793 0048031 268.5472 281.2713  0.99469737125636
0 INTELSAT 504
1 13083U 82017A   26062.47128284 -.00000163  00000-0  00000+0 0  9995
2 13083  11.5118 328.2398 0011755 233.9269 308.6801  0.99228563140704
0 INTELSAT 505
1 13595U 82097A   26061.84072337 -.00000004  00000-0  00000-0 0  9993
2 13595  12.2678 332.0209 0019058  31.9414 173.4468  0.98403727126984
0 INTELSAT 506
1 14077U 83047A   26062.14954022 -.00000258  00000-0  00000+0 0  9999
2 14077  12.5741 334.3381 0041143 350.6797 204.3205  0.99161697123039
0 INTELSAT 507
1 14421U 83105A   26062.28179425 -.00000081  00000-0  00000+0 0  9992
2 14421  12.0964 331.8468 0003222  47.5163 145.3686  0.99689667136175
0 INTELSAT 508
1 14786U 84023A   26062.40572373 -.00000087  00000-0  00000+0 0  9995
2 14786  13.7267 338.5028 0018533 276.9469 280.5403  0.97291738 44934
0 INTELSAT 510
1 15629U 85025A   26061.15127841 -.00000178  00000-0  00000-0 0  9994
2 15629  13.8368 341.2019 0033478  13.0725 175.0184  0.98281985114122
0 INTELSAT 511
1 15873U 85055A   26062.27142609  .00000064  00000-0  00000+0 0  9993
2 15873  13.2874 339.5134 0010716  79.1493  33.1951  1.00104762123455
0 INTELSAT 512
1 16101U 85087A   26062.28344093 -.00000069  00000-0  00000+0 0  9991
2 16101  14.1634 344.5153 0013754 325.8466 223.4869  0.99112743129270
0 NSS 513 (INTELSAT 513)
1 19121U 88040A   26061.88364185 -.00000014  00000-0  00000+0 0  9997
2 19121  14.7140 349.5901 0008780  99.4882  81.6184  0.98570814113495
0 INTELSAT 515
1 19772U 89006A   26061.59816028 -.00000255  00000-0  00000+0 0  9995
2 19772  14.9129 354.9928 0017556 114.6518  73.6796  0.99105816123568
0 INTELSAT 602
1 20315U 89087A   26061.98880332  .00000021  00000-0  00000+0 0  9991
2 20315  14.2623   8.3177 0006050 238.9735 133.0599  0.99005773130278
0 INTELSAT 603
1 20523U 90021A   26062.22421014  .00000035  00000-0  00000+0 0  9993
2 20523  13.9485  10.0969 0004085  39.5725  38.8967  0.99481066124356
0 INTELSAT 604
1 20667U 90056A   26062.33586596 -.00000040  00000-0  00000+0 0  9996
2 20667  14.5481  10.7421 0007769 308.7420 230.4869  0.98432626 45432
0 INTELSAT 605
1 21653U 91055A   26062.32166113 -.00000169  00000-0  00000+0 0  9992
2 21653  13.4633  18.3145 0003350 258.5607 102.8898  0.99323647125888
0 INTELSAT 601
1 21765U 91075A   26062.25631411 -.00000356  00000-0  00000+0 0  9996
2 21765  13.2840  17.7026 0003848 298.8020  70.1372  0.99593928125323
0 NSS K (INTELSAT K)
1 21989U 92032A   26061.88358514 -.00000069  00000-0  00000+0 0  9997
2 21989  14.8880  13.1437 0081789 357.9011 181.8172  0.97180469131454
0 INTELSAT 701
1 22871U 93066A   26062.32764117 -.00000321  00000-0  00000+0 0  9997
2 22871  10.6082  47.1821 0003913 316.3213  48.7794  0.99321774118053
0 INTELSAT 702
1 23124U 94034A   26062.16020028 -.00000156  00000-0  00000+0 0  9999
2 23124  10.8365  45.7335 0010023  12.8501 168.2747  0.98941290129837
0 INTELSAT 2 (PAS 2)
1 23175U 94040A   26061.72543457 -.00000270  00000-0  00000-0 0  9997
2 23175  12.0400  35.4376 0003623 330.8092  28.5334  0.99195612114580
0 NSS 703 (INTELSAT 703)
1 23305U 94064A   26062.05770365  .00000032  00000-0  00000+0 0  9999
2 23305  11.5337  37.6870 0009921 269.6526  84.5917  0.99304023114676
0 INTELSAT 704
1 23461U 95001A   26062.29226431 -.00000270  00000-0  00000+0 0  9995
2 23461  11.6747  36.5152 0009091 181.9075 171.1698  0.99181260113426
0 INTELSAT 705
1 23528U 95013A   26062.39359485 -.00000137  00000-0  00000+0 0  9991
2 23528  11.5232  38.6332 0016725 112.6595 258.2009  0.98972232112496
0 INTELSAT 706
1 23571U 95023A   26062.46092141 -.00000013  00000-0  00000+0 0  9994
2 23571  10.7454  45.7611 0006062 287.4684  79.9609  0.99048618112287
0 INTELSAT 4 (PAS 4)
1 23636U 95040A   26062.02719683 -.00000066  00000-0  00000+0 0  9992
2 23636  11.7599  41.2735 0029946 236.2491 310.2559  0.97126636110112
0 INTELSAT 3R (PAS 3R)
1 23764U 96002A   26062.25960748 -.00000305  00000-0  00000+0 0  9994
2 23764  11.5632  37.6555 0015380 278.2937  88.2693  0.99091490109746
0 INTELSAT 707
1 23816U 96015A   26062.27849098 -.00000212  00000-0  00000+0 0  9999
2 23816  10.3498  51.2431 0070274 356.3631 183.2272  0.98482037108904
0 INTELSAT 24 (AMOS 1)
1 23865U 96030B   26062.12778679 -.00000119  00000-0  00000+0 0  9996
2 23865  12.3960  35.0724 0009646 218.0089 158.9424  0.97118118107558
0 INTELSAT 709
1 23915U 96035A   26061.72829459 -.00000234  00000-0  00000-0 0  9994
2 23915  10.5099  48.6097 0020748 235.4048 126.2621  0.99183723108356
0 INTELSAT 26 (JCSAT 4)
1 24732U 97007A   26062.42512788 -.00000029  00000-0  00000+0 0  9995
2 24732  12.1190  30.3084 0014411 285.8341 264.3542  0.98904817106003
0 INTELSAT 801
1 24742U 97009A   26062.01919906 -.00000006  00000-0  00000+0 0  9991
2 24742  12.0574  34.0104 0011139 346.2678  10.5444  0.98734590105608
0 INTELSAT 802
1 24846U 97031A   26062.09563330 -.00000064  00000-0  00000+0 0  9999
2 24846  11.1817  43.8516 0027665 289.4114 264.8313  0.98108234103890
0 INTELSAT 5 (PAS 5)
1 24916U 97046A   26062.13447653 -.00000068  00000-0  00000+0 0  9991
2 24916  10.1689  50.1541 0006039 238.2166 303.4837  0.99037067104498
0 NSS 5 (INTELSAT 803)
1 24957U 97053A   26061.72803458 -.00000238  00000-0  00000-0 0  9997
2 24957  10.2998  48.8994 0006919 244.7493 115.4010  0.99106694103895
0 INTELSAT 804
1 25110U 97083A   26062.32212272 -.00000073  00000-0  00000+0 0  9993
2 25110  13.0446  18.4142 0008758   8.8875  57.7063  1.00259973103270
0 NSS 806 (INTELSAT 806)
1 25239U 98014A   26062.26844751 -.00000075  00000-0  00000+0 0  9998
2 25239   6.8557  71.0061 0004869 188.6810 192.4457  0.99079854 45921
0 INTELSAT 805
1 25371U 98037A   26062.20102050  .00000078  00000-0  00000+0 0  9995
2 25371   7.6226  67.0165 0012719 183.5214 196.9082  0.99475592101313
0 INTELSAT 7 (PAS 7)
1 25473U 98052A   26062.19564713 -.00000169  00000-0  00000+0 0  9993
2 25473  10.2024  53.1120 0007811 205.2525 160.2873  0.98212076 99596
0 INTELSAT 8 (PAS 8)
1 25522U 98065A   26062.43258126 -.00000190  00000-0  00000+0 0  9991
2 25522   8.8768  64.7246 0286034 302.6018 256.4449  0.95185846 43802
0 INTELSAT 6B (PAS 6B)
1 25585U 98075A   26062.19010044 -.00000285  00000-0  00000+0 0  9994
2 25585  12.1676  31.6075 0015305 181.0558 175.6932  0.99157231 98933
0 INTELSAT 9 (PAS 9)
1 26451U 00043A   26062.36256800 -.00000261  00000-0  00000+0 0  9990
2 26451  10.1472  50.1700 0004621 248.1823 303.3418  0.99404188 43056
0 INTELSAT 12 (PAS 12)
1 26590U 00068A   26062.39697485 -.00000236  00000-0  00000+0 0  9994
2 26590   8.0754  65.6101 0013253 212.3072 149.3401  0.99029144 50452
0 INTELSAT 1R (PAS 1R)
1 26608U 00072A   26062.43197460 -.00000174  00000-0  00000+0 0  9993
2 26608   7.8137  65.9326 0010529 270.4906 280.3543  0.98968423 40183
0 INTELSAT 10 (PAS 10)
1 26766U 01019A   26062.33050118 -.00000297  00000-0  00000+0 0  9993
2 26766   8.8233  60.3316 0006009 264.9958 102.7041  0.99042092 44536
0 INTELSAT 901
1 26824U 01024A   26062.30389437 -.00000131  00000-0  00000+0 0  9997
2 26824   0.9807  86.2071 0003965 326.0562 231.8416  0.98820633 21871
0 INTELSAT 902
1 26900U 01039A   26062.03863721 -.00000296  00000-0  00000+0 0  9993
2 26900   5.8488  73.0785 0004598 274.7996 136.7372  1.00270738 89635
0 INTELSAT 904
1 27380U 02007A   26062.36629469 -.00000237  00000-0  00000+0 0  9992
2 27380   6.6561  70.4535 0006075 305.2038 245.8382  1.00273352 50706
0 INTELSAT 903
1 27403U 02016A   26062.16852034  .00000055  00000-0  00000+0 0  9999
2 27403   7.4494  67.8502 0008123 217.2227 346.6373  0.99018369 44343
0 INTELSAT 905
1 27438U 02027A   26062.20249383  .00000082  00000-0  00000+0 0  9991
2 27438   6.4877  71.0753 0003160 274.1841 111.4035  1.00272947 50303
0 INTELSAT 906
1 27513U 02041A   26062.17129368 -.00000000  00000-0  00000+0 0  9998
2 27513   5.5330  74.2276 0003254 255.8727 316.6530  1.00272680 85962
0 INTELSAT 907
1 27683U 03007A   26062.40304156 -.00000291  00000-0  00000+0 0  9997
2 27683   5.4691  73.8390 0004539 129.3315 257.8750  0.99162728 84143
0 INTELSAT 1002
1 28358U 04022A   26062.37236139 -.00000027  00000-0  00000+0 0  9993
2 28358   0.0148 123.4883 0000861 236.3996 294.2758  1.00266152 79492
0 INTELSAT 11 (PAS 11)
1 32253U 07044B   26062.40481525  .00000060  00000-0  00000+0 0  9990
2 32253   3.2900  79.9730 0005257 204.8199 253.0097  0.99048408 67403
0 INTELSAT 25(PROTOSTAR 1)
1 33153U 08034A   26062.43760796 -.00000238  00000-0  00000+0 0  9991
2 33153   2.4350  81.6318 0003797 242.6159 322.9793  1.00270555 64632
0 INTELSAT 14
1 36097U 09064A   26062.43492126 -.00000288  00000-0  00000+0 0  9999
2 36097   0.0175  94.9960 0002566 261.0437 276.7167  1.00271516 59541
0 INTELSAT 15
1 36106U 09067A   26062.49045984 -.00000199  00000-0  00000+0 0  9996
2 36106   0.0195 239.6378 0002404 112.7375  70.5756  1.00270002 40160
0 INTELSAT 16
1 36397U 10006A   26062.42876789  .00000000  00000-0  00000+0 0  9991
2 36397   0.0243 132.9211 0002049 221.9062 244.5371  1.00268159 58590
0 INTELSAT 17
1 37238U 10065B   26062.45302757 -.00000016  00000-0  00000+0 0  9991
2 37238   0.0231 202.8051 0002409 148.9848  38.4942  1.00269958 52182
0 INTELSAT NEW DAWN
1 37392U 11016A   26062.43760796 -.00000239  00000-0  00000+0 0  9995
2 37392   1.5329  83.9961 0004667 257.1666 305.8605  1.00272956 52228
0 INTELSAT 18
1 37834U 11056A   26062.47128284  .00000038  00000-0  00000+0 0  9990
2 37834   0.0371 266.6686 0001975  70.1562 174.0392  1.00271603 52756
0 INTELSAT 22
1 38098U 12011A   26062.51466642 -.00000073  00000-0  00000+0 0  9993
2 38098   0.0227 227.0704 0001567 137.1297  54.4583  1.00273614  6124
0 INTELSAT 19
1 38356U 12030A   26062.47678148  .00000000  00000-0  00000+0 0  9991
2 38356   0.0251 151.2828 0003163 208.4241 139.1938  1.00269951 49398
0 INTELSAT 20
1 38740U 12043A   26062.51454366 -.00000039  00000-0  00000+0 0  9994
2 38740   0.0216 131.4759 0002139  37.5851 245.9344  1.00271462 49688
0 INTELSAT 21
1 38749U 12045A   26062.43240792 -.00000300  00000-0  00000+0 0  9993
2 38749   0.0383 268.0727 0001774  77.8731 272.9115  1.00271005 49467
0 INTELSAT 23
1 38867U 12057A   26062.43336126 -.00000300  00000-0  00000+0 0  9994
2 38867   0.0464 260.8023 0001015  85.9335 277.4712  1.00274142 48899
0 INTELSAT 30
1 40271U 14062A   26062.41433667 -.00000166  00000-0  00000+0 0  9990
2 40271   0.0133  83.5061 0001131  25.0319 106.7509  1.00271131  5731
0 INTELSAT 34
1 40874U 15039A   26062.43284126 -.00000300  00000-0  00000+0 0  9990
2 40874   0.0355 284.9192 0000100 267.9631  68.6436  1.00271795 38565
0 INTELSAT 29E
1 41308U 16004A   26062.40803219  .00000023  00000-0  00000+0 0  9994
2 41308   6.2351  71.5933 0001142 232.0308 231.0908  1.00627284 37215
0 INTELSAT 31
1 41581U 16035A   26062.40878172 -.00000166  00000-0  00000+0 0  9990
2 41581   0.0403 253.6175 0001914 337.4392 342.2192  1.00270787 35624
0 INTELSAT 36
1 41747U 16053A   26062.51455903  .00000000  00000-0  00000+0 0  9995
2 41747   0.0218 122.5558 0001197 209.8139  82.6663  1.00268571 34899
0 INTELSAT 33E
1 41748U 16053B   26062.50186197 -.00000200  00000-0  00000+0 0  9994
2 41748   1.3016  85.8117 0024530 189.7635 154.1211  1.00165386 35182
0 INTELSAT 32E
1 41945U 17007B   26062.43535461 -.00000284  00000-0  00000+0 0  9999
2 41945   0.0183 127.5874 0000445 139.2725   7.8751  1.00270392 33168
0 INTELSAT 35E
1 42818U 17041A   26062.43700129 -.00000253  00000-0  00000+0 0  9998
2 42818   0.0336 255.2936 0002239  85.1551 303.5458  1.00271185 31759
0 INTELSAT 37E
1 42950U 17059A   26062.44012131  .00000000  00000-0  00000+0 0  9993
2 42950   0.0263 150.5708 0002182 193.7644 317.3311  1.00269224 31005
0 AZERSPACE 2/INTELSAT 38
1 43632U 18074A   26062.45268804  .00000000  00000-0  00000+0 0  9990
2 43632   0.0253 148.8908 0001461 202.3367  18.0790  1.00269974 27386
0 INTELSAT 39
1 44476U 19049B   26062.50359719  .00000000  00000-0  00000+0 0  9992
2 44476   0.0249 155.3255 0000637 357.3599 251.8312  1.00268829 24065
0 INTELSAT 40E
1 56174U 23052A   26062.42573456 -.00000189  00000-0  00000+0 0  9995
2 56174   0.0103 138.3767 0000730 205.6738 239.3870  1.00271093 10764