0 IRIDIUM 7
1 24793U 97020B   26062.45501164  .00000489  00000-0  16092-3 0  9997
2 24793  86.3899  68.2169 0002154  80.1233 280.0207 14.36178864509103
0 IRIDIUM 5
1 24795U 97020D   26062.27164936  .00006315  00000-0  48582-3 0  9994
2 24795  86.3915 323.9823 0099938 286.8886  72.1405 14.97558248524198
0 IRIDIUM 4
1 24796U 97020E   26062.48444015  .00000510  00000-0  16529-3 0  9994
2 24796  86.3898  64.9060 0002260  85.7455 274.4000 14.37087095509703
0 IRIDIUM 914
1 24836U 97030A   26062.45393310  .00000577  00000-0  17277-3 0  9992
2 24836  86.3871  72.7585 0003781  86.9210 273.2423 14.41154051644460
0 IRIDIUM 16
1 24841U 97030F   26062.45706214  .00000468  00000-0  14552-3 0  9991
2 24841  86.3978  96.3806 0000897  19.4681 340.6551 14.38977285504284
0 IRIDIUM 911
1 24842U 97030G   26062.50135038  .00000632  00000-0  16477-3 0  9999
2 24842  86.4401  94.8408 0012496 319.9039  40.1241 14.48009354512608
0 IRIDIUM 17
1 24870U 97034B   26062.18363396  .00000445  00000-0  14024-3 0  9996
2 24870  86.3963 125.9321 0001127 139.2227 220.9055 14.38115010500808
0 IRIDIUM 920
1 24871U 97034C   26062.18603979  .00000466  00000-0  13668-3 0  9997
2 24871  86.3933 104.5413 0009741 314.8029  45.2378 14.41817899503898
0 IRIDIUM 26
1 24903U 97043A   26062.31404042  .00000557  00000-0  17989-3 0  9999
2 24903  86.4011   1.6957 0002034  82.2691 277.8737 14.37410236493968
0 IRIDIUM 22
1 24907U 97043E   26062.39063942  .00000511  00000-0  16861-3 0  9999
2 24907  86.4012   5.4238 0002064  88.2876 271.8557 14.36191644493974
0 IRIDIUM 29
1 24944U 97051A   26062.45756221  .00000566  00000-0  18531-3 0  9991
2 24944  86.3954  35.0249 0002259  91.9037 268.2419 14.36737368490496
0 IRIDIUM 33
1 24946U 97051C   26062.38086061  .00000390  00000-0  12986-3 0  9996
2 24946  86.3870  34.3460 0006486 325.4897  34.5877 14.35096674489911
0 IRIDIUM 28
1 24948U 97051E   26062.40739320  .00000510  00000-0  16345-3 0  9991
2 24948  86.3964  32.4166 0001857  75.5865 284.5538 14.37631697491088
0 IRIDIUM 36
1 24967U 97056C   26062.46929162  .00000570  00000-0  18270-3 0  9993
2 24967  86.3909  64.0080 0001939  88.9710 271.1710 14.37865819489471
0 IRIDIUM 39
1 25042U 97069D   26062.50352663  .00000744  00000-0  18778-3 0  9999
2 25042  86.3864  99.9789 0018655 153.4607 206.7557 14.49643051486526
0 IRIDIUM 38
1 25043U 97069E   26062.25878129  .00000457  00000-0  14355-3 0  9990
2 25043  86.3958 124.2546 0001911  40.1277 320.0062 14.38407441483196
0 IRIDIUM 42
1 25077U 97077A   26062.23674956  .00000477  00000-0  15541-3 0  9996
2 25077  86.3979 130.7597 0002128  73.5163 286.6268 14.36616895478382
0 IRIDIUM 44
1 25078U 97077B   26062.18608155  .00000404  00000-0  12086-3 0  9990
2 25078  86.3932 112.0027 0000700 140.3416 219.7834 14.40506724480980
0 IRIDIUM 45
1 25104U 97082A   26062.11325618  .00028353  00000-0  69566-3 0  9997
2 25104  86.3485 280.9093 0091318  72.7169 288.4049 15.36240609491592
0 IRIDIUM 24
1 25105U 97082B   26062.23730470  .00000648  00000-0  18998-3 0  9997
2 25105  86.3950 330.4136 0009669 309.8509  50.1840 14.42433911480552
0 IRIDIUM 51
1 25262U 98018A   26062.50404059  .00638687  17884-3  13063-2 0  9990
2 25262  86.3535 283.8895 0017978 309.1194  50.8493 15.99113297487365
0 IRIDIUM 57
1 25273U 98019B   26062.45906729  .00000489  00000-0  16133-3 0  9992
2 25273  86.3954  36.5070 0002081  85.4705 274.6730 14.36118837461997
0 IRIDIUM 63
1 25286U 98021B   26062.27524789  .00000495  00000-0  16115-3 0  9998
2 25286  86.4027 333.4364 0002246  91.5052 268.6402 14.36818994461040
0 IRIDIUM 69
1 25319U 98026A   26062.32054472  .00000653  00000-0  19601-3 0  9992
2 25319  86.4031 345.8829 0000732 184.4204 175.6989 14.41313206460389
0 IRIDIUM 71
1 25320U 98026B   26062.23273669  .00000562  00000-0  16731-3 0  9995
2 25320  86.4029 340.5898 0001724  23.3372 336.7906 14.41399790460904
0 IRIDIUM 73
1 25344U 98032C   26062.13041708  .00000586  00000-0  13966-3 0  9997
2 25344  86.4393 296.8354 0002013 105.6149 254.5280 14.52114470468139
0 IRIDIUM 82
1 25467U 98051A   26062.22913138  .00095066  00000-0  12382-2 0  9996
2 25467  86.3619 340.3108 0051179  23.6899 336.6703 15.56819613463879
0 IRIDIUM 106
1 41917U 17003A   26062.25664618  .00000091  00000-0  25572-4 0  9992
2 41917  86.3992 132.8488 0001925 104.6599 255.4810 14.34218033478021
0 IRIDIUM 103
1 41918U 17003B   26062.24396086  .00000134  00000-0  40926-4 0  9991
2 41918  86.3990 132.7542 0002181  86.5740 273.5705 14.34218527478045
0 IRIDIUM 109
1 41919U 17003C   26062.25030414  .00000060  00000-0  14305-4 0  9993
2 41919  86.3990 132.8092 0002185  94.9526 265.1919 14.34217868478014
0 IRIDIUM 102
1 41920U 17003D   26062.28835918  .00000183  00000-0  58214-4 0  9993
2 41920  86.3991 132.7193 0002259  97.0289 263.1164 14.34218451478109
0 IRIDIUM 105
1 41921U 17003E   26062.46421473  .00000335  00000-0  11205-3 0  9998
2 41921  86.3927 101.0995 0002261  93.0298 267.1157 14.34398155479980
0 IRIDIUM 104
1 41922U 17003F   26062.23127690  .00000130  00000-0  39285-4 0  9990
2 41922  86.3990 132.7840 0002397  88.9902 271.1569 14.34218291478080
0 IRIDIUM 114
1 41923U 17003G   26062.23761877  .00000108  00000-0  31383-4 0  9998
2 41923  86.3991 132.7650 0002253  90.1340 270.0114 14.34218188478060
0 IRIDIUM 108
1 41924U 17003H   26062.47521384  .00000264  00000-0  87042-4 0  9998
2 41924  86.3919 100.9835 0002320  97.4495 262.6965 14.34218397479951
0 IRIDIUM 112
1 41925U 17003J   26062.22493397  .00000109  00000-0  31988-4 0  9990
2 41925  86.3985 132.6173 0002351  94.4298 265.7167 14.34218023478081
0 IRIDIUM 111
1 41926U 17003K   26062.28201719  .00000081  00000-0  21784-4 0  9994
2 41926  86.3990 132.6617 0002138  95.1382 265.0058 14.34217751478074
0 IRIDIUM 113
1 42803U 17039A   26062.40151809  .00000074  00000-0  19391-4 0  9999
2 42803  86.4019   6.3751 0002278  82.5993 277.5461 14.34218147456028
0 IRIDIUM 123
1 42804U 17039B   26062.44299625  .00000059  00000-0  14050-4 0  9993
2 42804  86.3964  37.8152 0002017  82.8547 277.2878 14.34217556454794
0 IRIDIUM 120
1 42805U 17039C   26062.32540574  .00000361  00000-0  12172-3 0  9991
2 42805  86.4013   6.2034 0002068  89.4638 270.6795 14.34218903456008
0 IRIDIUM 115
1 42806U 17039D   26062.31970705  .00000508  00000-0  14510-3 0  9995
2 42806  86.4547   6.3198 0001863  84.6087 275.5326 14.43283487458993
0 IRIDIUM 118
1 42807U 17039E   26062.47470824  .00000132  00000-0  40081-4 0  9996
2 42807  86.3960  37.8005 0002236  85.5507 274.5944 14.34217738454795
0 IRIDIUM 117
1 42808U 17039F   26062.42396817  .00000028  00000-0  30748-5 0  9995
2 42808  86.3961  37.7804 0002040  83.5635 276.5793 14.34217822454817
0 IRIDIUM 126
1 42809U 17039G   26062.44933911  .00000003  00000-0 -61635-5 0  9993
2 42809  86.3959  37.8195 0002078  82.3073 277.8359 14.34217609454795
0 IRIDIUM 124
1 42810U 17039H   26062.25377063  .00000519  00000-0  14842-3 0  9991
2 42810  86.4540 334.6635 0002114  83.9364 276.2078 14.43268115459831
0 IRIDIUM 128
1 42811U 17039J   26062.50984539  .00000037  00000-0  61950-5 0  9991
2 42811  86.3907  69.3316 0002050  95.1295 265.0135 14.34217712454835
0 IRIDIUM 121
1 42812U 17039K   26062.46836744  .00000009  00000-0 -37705-5 0  9992
2 42812  86.3960  37.8387 0002107  90.1901 269.9536 14.34217461454676
0 IRIDIUM 133
1 42955U 17061A   26062.47179001  .00000021  00000-0  59451-6 0  9998
2 42955  86.3911  69.4631 0002018  90.5360 269.6067 14.34217485439627
0 IRIDIUM 100
1 42956U 17061B   26062.46544696  .00000007  00000-0 -44440-5 0  9990
2 42956  86.3909  69.3868 0002046  90.1779 269.9651 14.34217425439623
0 IRIDIUM 122
1 42957U 17061C   26062.50350024  .00000110  00000-0  32388-4 0  9997
2 42957  86.3907  69.3705 0002121  87.8874 272.2565 14.34218083439638
0 IRIDIUM 129
1 42958U 17061D   26062.45910512  .00000088  00000-0  24401-4 0  9997
2 42958  86.3909  69.4552 0002537  87.3556 272.7930 14.34218225439645
0 IRIDIUM 119
1 42959U 17061E   26062.49716069  .00000031  00000-0  39956-5 0  9993
2 42959  86.3910  69.4345 0002258  85.9828 274.1626 14.34217776439664
0 IRIDIUM 107
1 42960U 17061F   26062.44641895  .00000043  00000-0  83087-5 0  9991
2 42960  86.3909  69.4764 0001901  86.2532 273.8881 14.34217857439668
0 IRIDIUM 132
1 42961U 17061G   26062.45276116  .00000102  00000-0  29354-4 0  9995
2 42961  86.3910  69.4540 0002099  90.1652 269.9784 14.34218062439666
0 IRIDIUM 136
1 42962U 17061H   26062.48447508  .00000017  00000-0 -11670-5 0  9993
2 42962  86.3908  69.4467 0002170  87.1872 272.9573 14.34217797439688
0 IRIDIUM 139
1 42963U 17061J   26062.49081795  .00000033  00000-0  46412-5 0  9996
2 42963  86.3911  69.5044 0002094  90.7333 269.4103 14.34217776439690
0 IRIDIUM 125
1 42964U 17061K   26062.47813162  .00000083  00000-0  22735-4 0  9992
2 42964  86.3911  69.5690 0002044  74.7319 285.4103 14.34218158439704
0 IRIDIUM 135
1 43070U 17083A   26062.31272699  .00000378  00000-0  12803-3 0  9993
2 43070  86.4016   6.2559 0002169  85.8966 274.2478 14.34217719428971
0 IRIDIUM 138
1 43071U 17083B   26062.33809243  .00000042  00000-0  77621-5 0  9996
2 43071  86.4029   5.9246 0002389  77.3211 282.8252 14.34217891428963
0 IRIDIUM 116
1 43072U 17083C   26062.37614773  .00000024  00000-0  16193-5 0  9990
2 43072  86.4017   6.2169 0001972  92.8085 267.3336 14.34217714429008
0 IRIDIUM 130
1 43073U 17083D   26062.41420227  .00000166  00000-0  52154-4 0  9998
2 43073  86.4022   6.4657 0001869  87.6291 272.5119 14.34218375428959
0 IRIDIUM 151
1 43074U 17083E   26062.38883270  .00000092  00000-0  25631-4 0  9994
2 43074  86.4014   6.2667 0002152  86.1911 273.9531 14.34218243428978
0 IRIDIUM 134
1 43075U 17083F   26062.35711975  .00000044  00000-0  86560-5 0  9990
2 43075  86.4022   6.2866 0002023  85.2146 274.9281 14.34217852428930
0 IRIDIUM 137
1 43076U 17083G   26062.36980502  .00000052  00000-0  11526-4 0  9994
2 43076  86.4019   6.3714 0002292  97.1164 263.0293 14.34218049429000
0 IRIDIUM 141
1 43077U 17083H   26062.36347478  .00000369  00000-0  12472-3 0  9995
2 43077  86.4015   6.2112 0002238  82.9749 277.1702 14.34220272429001
0 IRIDIUM 153
1 43078U 17083J   26062.24587281  .00000085  00000-0  23372-4 0  9998
2 43078  86.4012 334.7740 0002189  78.5593 281.5849 14.34218090430095
0 IRIDIUM 131
1 43079U 17083K   26062.35077740  .00000372  00000-0  12580-3 0  9992
2 43079  86.4021   6.3953 0002322  85.3720 274.7741 14.34216874428934
0 IRIDIUM 144
1 43249U 18030A   26062.25221498  .00000170  00000-0  53474-4 0  9998
2 43249  86.4011 334.7029 0001912  86.7323 273.4091 14.34218196414952
0 IRIDIUM 149
1 43250U 18030B   26062.25855773  .00000189  00000-0  60406-4 0  9992
2 43250  86.4015 334.6686 0002153  83.2423 276.9018 14.34218474414975
0 IRIDIUM 157
1 43251U 18030C   26062.27758544  .00000118  00000-0  35137-4 0  9998
2 43251  86.4017 334.7117 0002150  84.9740 275.1701 14.34218243414957
0 IRIDIUM 140
1 43252U 18030D   26062.22684507  .00000026  00000-0  21013-5 0  9998
2 43252  86.4015 334.7456 0002043  83.4574 276.6854 14.34217682415000
0 IRIDIUM 145
1 43253U 18030E   26062.28392699  .00000230  00000-0  75153-4 0  9993
2 43253  86.4015 334.6942 0001857  92.9247 267.2161 14.34218547414944
0 IRIDIUM 146
1 43254U 18030F   26062.26489977  .00000361  00000-0  12194-3 0  9998
2 43254  86.4015 334.7147 0002079  88.9497 271.1937 14.34219185414957
0 IRIDIUM 148
1 43255U 18030G   26062.23318685  .00000278  00000-0  92141-4 0  9991
2 43255  86.4016 334.7693 0002133  86.2270 273.9170 14.34219113414989
0 IRIDIUM 142
1 43256U 18030H   26062.27124228  .00000091  00000-0  25361-4 0  9997
2 43256  86.4014 334.6465 0001878  92.0510 268.0901 14.34218199414958
0 IRIDIUM 150
1 43257U 18030J   26062.30929718  .00000313  00000-0  10459-3 0  9997
2 43257  86.4018 334.7433 0002050  85.5401 274.6029 14.34218038414987
0 IRIDIUM 143
1 43258U 18030K   26062.29027030  .00000131  00000-0  39886-4 0  9996
2 43258  86.4019 334.8396 0001987  88.7134 271.4290 14.34218453414913
0 IRIDIUM 161
1 43478U 18047C   26062.23147440  .00000399  00000-0  11272-3 0  9994
2 43478  86.4512 132.7811 0002540  92.8755 267.2737 14.43282703409858
0 IRIDIUM 152
1 43479U 18047D   26062.26298939  .00000219  00000-0  71229-4 0  9998
2 43479  86.3986 132.6284 0002277  92.6988 267.4469 14.34218337407303
0 IRIDIUM 147
1 43480U 18047E   26062.26933082  .00000138  00000-0  42298-4 0  9999
2 43480  86.3988 132.6290 0002208  99.3465 260.7981 14.34218599407307
0 IRIDIUM 110
1 43481U 18047F   26062.27567530  .00000066  00000-0  16405-4 0  9993
2 43481  86.3988 132.7150 0002555  90.1802 269.9686 14.34217883407299
0 IRIDIUM 162
1 43482U 18047G   26062.22517273  .00000402  00000-0  11352-3 0  9997
2 43482  86.4510 132.6760 0002123  91.8710 268.2734 14.43281636409841
0 IRIDIUM 160
1 43569U 18061A   26062.50058398  .00000146  00000-0  45221-4 0  9996
2 43569  86.3924 101.0065 0002388  92.6815 267.4654 14.34218598398229
0 IRIDIUM 166
1 43570U 18061B   26062.17711166  .00000148  00000-0  45737-4 0  9994
2 43570  86.3921 101.0936 0002178  96.3759 263.7685 14.34218237398201
0 IRIDIUM 158
1 43571U 18061C   26062.49424034  .00000009  00000-0 -37782-5 0  9994
2 43571  86.3928 100.9706 0002013  90.0497 270.0929 14.34216602398217
0 IRIDIUM 165
1 43572U 18061D   26062.17076904  .00000114  00000-0  33591-4 0  9998
2 43572  86.3921 101.1503 0002178  96.2607 263.8837 14.34218044398199
0 IRIDIUM 155
1 43573U 18061E   26062.48155589 -.00000018  00000-0 -13549-4 0  9996
2 43573  86.3921 100.8944 0001954  93.1459 266.9960 14.34217617398205
0 IRIDIUM 154
1 43574U 18061F   26062.46254129  .00000316  00000-0  10584-3 0  9999
2 43574  86.3925 101.0314 0002197  98.9608 261.1836 14.34221554398252
0 IRIDIUM 163
1 43575U 18061G   26062.16442708  .00000053  00000-0  11746-4 0  9999
2 43575  86.3924 101.0748 0002263  91.5304 268.6151 14.34217762398189
0 IRIDIUM 156
1 43576U 18061H   26062.48789844  .00000078  00000-0  20614-4 0  9991
2 43576  86.3927 100.9465 0002021  94.8787 265.2639 14.34218052398222
0 IRIDIUM 164
1 43577U 18061J   26062.46887071  .00000139  00000-0  42713-4 0  9993
2 43577  86.3927 100.9932 0002326  98.3312 261.8148 14.34218558398265
0 IRIDIUM 159
1 43578U 18061K   26062.50692715 -.00000053  00000-0 -26064-4 0  9996
2 43578  86.3923 100.9159 0002270  92.5699 267.5756 14.34217392398235
0 IRIDIUM 180
1 43922U 19002A   26062.43665417  .00000064  00000-0  15898-4 0  9999
2 43922  86.3963  37.7791 0002285  85.9815 274.1642 14.34217937373835
0 IRIDIUM 176
1 43923U 19002B   26062.40123184  .00001368  00000-0  21302-3 0  9991
2 43923  86.6095  37.7509 0003152  82.1159 278.0415 14.72243380383684
0 IRIDIUM 168
1 43924U 19002C   26062.43030816  .00000385  00000-0  13047-3 0  9999
2 43924  86.3964  37.8561 0002211  86.7063 273.4386 14.34220508373810
0 IRIDIUM 173
1 43925U 19002D   26062.41762300 -.00000569  00000-0 -21012-3 0  9995
2 43925  86.3957  37.7545 0002059  81.1476 278.9953 14.34214624373790
0 IRIDIUM 169
1 43926U 19002E   26062.45792032  .00000330  00000-0  10135-3 0  9993
2 43926  86.4164  69.3955 0001585  74.6663 285.4710 14.38610701375028
0 IRIDIUM 172
1 43927U 19002F   26062.48105222  .00000085  00000-0  23280-4 0  9999
2 43927  86.3963  37.7357 0002355  86.7862 273.3603 14.34217972373812
0 IRIDIUM 175
1 43928U 19002G   26062.26070388  .00001323  00000-0  20584-3 0  9999
2 43928  86.1547 335.7089 0002214 112.6242 247.5209 14.72256199383651
0 IRIDIUM 171
1 43929U 19002H   26062.46202390  .00000075  00000-0  19696-4 0  9998
2 43929  86.3972  38.0385 0002020  91.7762 268.3666 14.34218019373808
0 IRIDIUM 170
1 43930U 19002J   26062.47538301  .00001357  00000-0  21130-3 0  9994
2 43930  86.6083  37.7241 0002613  91.3630 268.7886 14.72256676383702
0 IRIDIUM 167
1 43931U 19002K   26062.45568100  .00000021  00000-0  46775-6 0  9995
2 43931  86.3960  37.7677 0001845  90.0945 270.0462 14.34217917373807
0 IRIDIUM 181
1 56726U 23068S   26062.17114648  .00000380  00000-0  10695-3 0  9998
2 56726  86.4461 101.1269 0002600  98.6243 261.5252 14.43313719147143
0 IRIDIUM 177
1 56727U 23068T   26062.39085903  .00001971  00000-0  25585-3 0  9995
2 56727  86.1994  19.0115 0002381  80.5206 279.6284 14.80238527150710
0 IRIDIUM 174
1 56728U 23068U   26062.46302846  .00001430  00000-0  22286-3 0  9997
2 56728  86.6090  37.8661 0002603  83.4423 276.7090 14.72259319150465
0 IRIDIUM 178
1 56729U 23068V   26062.44755492  .00000705  00000-0  89376-4 0  9993
2 56729  86.6481  69.5503 0002313 102.5983 257.5497 14.80242655150720
0 IRIDIUM 179
1 56730U 23068W   26062.50979523  .00000668  00000-0  84515-4 0  9993
2 56730  86.6717  78.1977 0002255  93.4664 266.6816 14.80239105150737