0 NTS 2
1 10091U 77053A   26062.13862017  .00000006  00000-0  00000+0 0  9992
2 10091  63.1504 284.4512 0071791 220.9051 319.3473  2.00451986356551
0 OPS 5111 (NAVSTAR 1)
1 10684U 78020A   26060.38316258  .00000000  00000-0  00000-0 0  9996
2 10684  64.2726  55.5495 0081120 219.1797 140.2488  1.98072329334300
0 OPS 5112 (NAVSTAR 2)
1 10893U 78047A   26058.80935806  .00000049  00000-0  00000+0 0  9999
2 10893  62.7354 275.8759 0542809  42.0374 135.0493  2.01627449351527
0 OPS 5113 (NAVSTAR 3)
1 11054U 78093A   26062.14226017 -.00000028  00000-0  00000+0 0  9997
2 11054  63.0091 303.3461 0100106 227.7825 315.1598  1.93504642338621
0 OPS 5114 (NAVSTAR 4)
1 11141U 78112A   26060.47779743  .00000035  00000-0  00000-0 0  9997
2 11141  63.6327  75.2098 0143586  49.9574 123.1129  1.92895468227016
0 OPS 5117 (NAVSTAR 5)
1 11690U 80011A   26061.89264137 -.00000021  00000-0  00000+0 0  9995
2 11690  64.7137  51.8449 0486782 205.1219 328.1190  2.00578778351594
0 OPS 5118 (NAVSTAR 6)
1 11783U 80032A   26062.53084425  .00000022  00000-0  00000+0 0  9993
2 11783  61.8846 252.0274 0550910  52.0116 114.6766  2.03455958339605
0 COSMOS 1413 (GLONASS)
1 13603U 82100A   26060.46855300  .00000028  00000-0  00000-0 0  9999
2 13603  64.8129  70.5834 0008185  22.2587 336.5087  2.13866677338866
0 COSMOS 1414 (GLONASS)
1 13606U 82100D   26061.50093226  .00000027  00000-0  00000+0 0  9997
2 13606  64.7324  74.8632 0078503  32.0326 147.3519  2.13103914337628
0 COSMOS 1415 (GLONASS)
1 13607U 82100E   26060.08072145  .00000030  00000-0  00000-0 0  9992
2 13607  64.7957  70.5527 0005054  23.0647  52.9557  2.13810024338636
0 OPS 9794 (NAVSTAR 8)
1 14189U 83072A   26062.36525469  .00000013  00000-0  00000+0 0  9992
2 14189  63.3592  71.9126 0220202  56.1315 120.3277  1.91719354224693
0 COSMOS 1490 (GLONASS)
1 14258U 83084A   26060.79350395  .00000035  00000-0  00000-0 0  9996
2 14258  64.7901  76.4817 0015085  12.2863 173.2948  2.13103219331152
0 COSMOS 1491 (GLONASS)
1 14259U 83084B   26057.65045105  .00000023  00000-0  00000-0 0  9995
2 14259  64.9532  61.9432 0020868 304.2155 227.0176  2.15434616333759
0 COSMOS 1492 (GLONASS)
1 14260U 83084C   26062.06723702  .00000027  00000-0  00000+0 0  9997
2 14260  64.7505  78.1797 0001812 357.3353   1.4593  2.12758961329313
0 COSMOS 1519 (GLONASS)
1 14590U 83127A   26060.69517713 -.00000073  00000-0  00000+0 0  9993
2 14590  66.4685 332.6466 0010173 178.2788 308.5398  2.13098973268856
0 COSMOS 1520 (GLONASS)
1 14591U 83127B   26060.70471802 -.00000073  00000-0  00000-0 0  9995
2 14591  66.4588 332.5291 0022879 171.3215  15.9937  2.13102864268661
0 COSMOS 1521 (GLONASS)
1 14592U 83127C   26061.54790580 -.00000065  00000-0  00000+0 0  9996
2 14592  66.3433 328.3135 0062527 191.3081 348.9502  2.13837250329318
0 COSMOS 1554 (GLONASS)
1 14977U 84047A   26061.72640404 -.00000071  00000-0  00000-0 0  9992
2 14977  66.4145 331.6302 0017952 218.3271 310.2496  2.13100232101610
0 COSMOS 1555 (GLONASS)
1 14978U 84047B   26052.26577687 -.00000051  00000-0  00000-0 0  9992
2 14978  66.4347 332.4223 0011707 173.6568 300.0411  2.13101693297038
0 COSMOS 1556 (GLONASS)
1 14979U 84047C   26060.14986541 -.00000075  00000-0  00000-0 0  9998
2 14979  66.4636 333.2849 0009734 194.2935 358.0533  2.12912262324790
0 NAVSTAR 9 (USA 1)
1 15039U 84059A   26060.50166264  .00000021  00000-0  00000-0 0  9991
2 15039  63.5028  67.3938 0240836  53.4058 140.7966  1.92302648296058
0 COSMOS 1593 (GLONASS)
1 15259U 84095A   26061.52889185  .00000029  00000-0  00000-0 0  9990
2 15259  64.7977  76.4538 0023680 217.8391 329.0850  2.13105295276108
0 COSMOS 1594 (GLONASS)
1 15260U 84095B   26057.64053601  .00000035  00000-0  00000-0 0  9993
2 15260  64.7254  78.3317 0004116 195.9350 339.7186  2.12636743322140
0 COSMOS 1595 (GLONASS)
1 15261U 84095C   26062.39974819  .00000019  00000-0  00000+0 0  9996
2 15261  64.7464  74.8428 0047912 218.8112 144.3640  2.13101938297274
0 NAVSTAR 10 (USA 5)
1 15271U 84097A   26059.41176804  .00000005  00000-0  00000-0 0  9992
2 15271  62.2248 294.2327 0146618 226.8431 315.1697  1.92618785294221
0 COSMOS 1650 (GLONASS)
1 15697U 85037A   26058.77261123  .00000039  00000-0  00000-0 0  9993
2 15697  64.8249  77.0341 0032252  28.7171 149.8538  2.13101909293968
0 COSMOS 1651 (GLONASS)
1 15698U 85037B   26061.33492593  .00000031  00000-0  00000-0 0  9999
2 15698  64.8171  76.4984 0014995  21.4979 338.8490  2.13123215317518
0 COSMOS 1652 (GLONASS)
1 15699U 85037C   26059.71154764  .00000039  00000-0  00000-0 0  9992
2 15699  64.8100  76.8446 0018363  24.6974  14.1331  2.13067294317355
0 NAVSTAR 11 (USA 10)
1 16129U 85093A   26060.23871194  .00000047  00000-0  00000+0 0  9993
2 16129  63.4957  87.5934 0338566  55.5605 122.8899  1.89368761227254
0 COSMOS 1710 (GLONASS)
1 16396U 85118A   26061.06281780 -.00000065  00000-0  00000+0 0  9996
2 16396  66.0962 327.7931 0012900 199.8460 288.8014  2.13102758312845
0 COSMOS 1711 (GLONASS)
1 16397U 85118B   26061.17453801 -.00000065  00000-0  00000-0 0  9995
2 16397  66.1125 327.9971 0008892 186.3418 359.7938  2.13101018312473
0 COSMOS 1712 (GLONASS)
1 16398U 85118C   26059.66457897 -.00000068  00000-0  00000-0 0  9999
2 16398  66.1097 328.6374 0010966  11.4064 169.2527  2.12919724311733
0 COSMOS 1778 (GLONASS)
1 16961U 86071A   26060.07524361  .00000037  00000-0  00000-0 0  9997
2 16961  64.8319  76.0405 0004476 233.1530 205.3946  2.13102564307076
0 COSMOS 1779 (GLONASS)
1 16962U 86071B   26059.89558686  .00000038  00000-0  00000-0 0  9994
2 16962  64.8348  76.1201 0012930  40.2835 311.4223  2.13102769306931
0 COSMOS 1780 (GLONASS)
1 16963U 86071C   26062.33400713  .00000021  00000-0  00000+0 0  9996
2 16963  64.8265  75.7424 0003668 329.0736 114.2746  2.13107766307075
0 COSMOS 1883 (GLONASS)
1 18355U 87079A   26059.78806397 -.00000056  00000-0  00000-0 0  9995
2 18355  65.6513 322.3864 0004545 250.7176 299.3465  2.13100857299223
0 COSMOS 1884 (GLONASS)
1 18356U 87079B   26061.08090477 -.00000056  00000-0  00000-0 0  9996
2 18356  65.6777 322.6884 0019739 206.7845 332.7114  2.13102918299386
0 COSMOS 1885 (GLONASS)
1 18357U 87079C   26057.23420006 -.00000059  00000-0  00000+0 0  9996
2 18357  65.6755 322.7478 0022892 211.7931 331.1007  2.13102293282774
0 COSMOS 1946 (GLONASS)
1 19163U 88043A   26062.21572773  .00000025  00000-0  00000+0 0  9999
2 19163  64.9062  77.2273 0002862  81.6523 276.4340  2.13103048293338
0 COSMOS 1947 (GLONASS)
1 19164U 88043B   26062.13385348  .00000026  00000-0  00000+0 0  9992
2 19164  64.9029  77.1486 0024006 225.5395 136.8056  2.13103992289041
0 COSMOS 1948 (GLONASS)
1 19165U 88043C   26061.31642230  .00000032  00000-0  00000-0 0  9996
2 19165  64.8940  76.9749 0004722 309.9772  45.7080  2.13102744293720
0 COSMOS 1970 (GLONASS)
1 19501U 88085A   26062.47756148 -.00000050  00000-0  00000+0 0  9998
2 19501  65.3022 318.0799 0009521  39.6763 137.9564  2.13101984291527
0 COSMOS 1971 (GLONASS)
1 19502U 88085B   26061.26556595 -.00000047  00000-0  00000-0 0  9996
2 19502  65.2964 318.0393 0023321  13.8268 159.9961  2.13101604277078
0 COSMOS 1972 (GLONASS)
1 19503U 88085C   26061.14659839 -.00000048  00000-0  00000-0 0  9990
2 19503  65.3344 318.5026 0004252 213.8333 324.2430  2.13102247291356
0 COSMOS 1987 (GLONASS)
1 19749U 89001A   26061.91781039  .00000026  00000-0  00000+0 0  9998
2 19749  64.8732  75.9228 0005242 241.9070 119.1981  2.13073162289038
0 COSMOS 1988 (GLONASS)
1 19750U 89001B   26058.90549687  .00000039  00000-0  00000+0 0  9990
2 19750  64.8824  76.3656 0015572 223.9436 313.3298  2.13101649288956
0 COSMOS 1989 (ETALON 1)
1 19751U 89001C   26062.32602705  .00000022  00000-0  00000+0 0  9995
2 19751  64.8835  75.8147 0023404 217.5730 233.8758  2.13156027289113
0 NAVSTAR 13 (USA 35)
1 19802U 89013A   26060.48467819  .00000022  00000-0  00000-0 0  9996
2 19802  54.9545  98.2586 0044058 247.7815 286.8700  1.85325549256272
0 COSMOS 2022 (GLONASS)
1 20024U 89039A   26061.66343637 -.00000041  00000-0  00000+0 0  9995
2 20024  64.9983 314.5499 0008441 212.3836 331.0003  2.13102205286064
0 COSMOS 2023 (GLONASS)
1 20025U 89039B   26061.88066870 -.00000042  00000-0  00000+0 0  9992
2 20025  65.0243 314.8393 0019286 198.0509 341.9901  2.13104234285990
0 COSMOS 2024 (ETALON 2)
1 20026U 89039C   26061.32266899 -.00000040  00000-0  00000-0 0  9994
2 20026  64.9989 314.2194 0020466 213.4282 327.1605  2.13204503286225
0 NAVSTAR 14 (USA 38)
1 20061U 89044A   26057.70508960  .00000061  00000-0  00000-0 0  9996
2 20061  53.3630 243.7234 0025601 206.2139 153.8003  1.88858239259708
0 NAVSTAR 15 (USA 42)
1 20185U 89064A   26059.37808089  .00000016  00000-0  00000-0 0  9995
2 20185  54.8887  93.0815 0012060 318.0287  48.3834  1.86088365254187
0 NAVSTAR 16 (USA 47)
1 20302U 89085A   26059.02627295 -.00000024  00000-0  00000-0 0  9999
2 20302  53.9782 187.4355 0009146  72.3603 291.2369  1.89425942256477
0 NAVSTAR 17 (USA 49)
1 20361U 89097A   26060.95723088 -.00000106  00000-0  00000+0 0  9998
2 20361  56.3535  14.7579 0024683 318.9534 221.4179  1.89175871247321
0 NAVSTAR 18 (USA 50)
1 20452U 90008A   26061.37475668  .00000002  00000-0  00000-0 0  9993
2 20452  54.8352 137.3877 0015308 279.7250 189.6761  1.89597764254406
0 NAVSTAR 19 (USA 54)
1 20533U 90025A   26061.73254127  .00000006  00000-0  00000-0 0  9991
2 20533  53.5335 249.5071 0044270 224.6275 313.7436  1.91038734252981
0 COSMOS 2079 (GLONASS)
1 20619U 90045A   26059.61476643 -.00000034  00000-0  00000-0 0  9993
2 20619  64.7785 312.1714 0047334 205.3879 334.1376  2.13103263278444
0 COSMOS 2080 (GLONASS)
1 20620U 90045B   26062.07708653 -.00000038  00000-0  00000+0 0  9991
2 20620  64.7715 312.0318 0025072  29.5692 147.7007  2.13102727278344
0 COSMOS 2081 (GLONASS)
1 20621U 90045C   26061.14555839 -.00000036  00000-0  00000-0 0  9994
2 20621  64.7975 312.3588 0045101 214.6657 324.8018  2.13104821278402
0 NAVSTAR 20 (USA 63)
1 20724U 90068A   26060.08363891  .00000010  00000-0  00000-0 0  9991
2 20724  54.8384  78.3106 0036865 327.4658 114.5040  1.87186293247886
0 NAVSTAR 21 (USA 64)
1 20830U 90088A   26059.52180128 -.00000101  00000-0  00000-0 0  9990
2 20830  56.4341  13.5763 0024811 290.5077 245.0619  1.87752698250769
0 NAVSTAR 22 (USA 66)
1 20959U 90103A   26059.21935655 -.00000018  00000-0  00000+0 0  9995
2 20959  56.1080  55.4004 0021517  87.1159 273.1537  1.88155196253813
0 COSMOS 2109 (GLONASS)
1 21006U 90110A   26061.06825138  .00000031  00000-0  00000-0 0  9992
2 21006  64.8607  74.7919 0079067 203.0963 154.8176  2.13101829274193
0 COSMOS 2110 (GLONASS)
1 21007U 90110B   26054.96691618  .00000023  00000-0  00000+0 0  9998
2 21007  64.8728  75.4323 0043105 202.3241 338.1604  2.13101261274058
0 COSMOS 2111 (GLONASS)
1 21008U 90110C   26059.89558686  .00000037  00000-0  00000-0 0  9999
2 21008  64.8596  74.9199 0018780 240.3552 111.5220  2.13098574274087
0 COSMOS 2139 (GLONASS)
1 21216U 91025A   26061.43335984 -.00000028  00000-0  00000+0 0  9993
2 21216  64.4318 308.1535 0015323 223.1212 136.8242  2.13105848271651
0 COSMOS 2140 (GLONASS)
1 21217U 91025B   26062.34289457 -.00000032  00000-0  00000+0 0  9993
2 21217  64.4201 308.0107 0025768 218.4688 323.5982  2.13101114271686
0 COSMOS 2141 (GLONASS)
1 21218U 91025C   26060.94501082 -.00000026  00000-0  00000+0 0  9992
2 21218  64.4134 307.9580 0004533 236.5818 302.4629  2.13102984271688
0 NAVSTAR 23 (USA 71)
1 21552U 91047A   26058.09176800 -.00000106  00000-0  00000-0 0  9996
2 21552  56.5199 356.4638 0032508 132.8913  44.0818  1.91857921249274
0 COSMOS 2177 (GLONASS)
1 21853U 92005A   26061.93586560  .00000022  00000-0  00000+0 0  9995
2 21853  64.8234  73.6100 0006196 198.4715 154.8937  2.13100907265285
0 COSMOS 2178 (GLONASS)
1 21854U 92005B   26057.80675914  .00000034  00000-0  00000-0 0  9993
2 21854  64.8252  73.8038 0031251  29.5134 327.5525  2.13105617265170
0 COSMOS 2179 (GLONASS)
1 21855U 92005C   26061.33423258  .00000027  00000-0  00000-0 0  9991
2 21855  64.8264  73.6956 0014831 253.0677 105.0228  2.13102666265060
0 NAVSTAR 24 (USA 79)
1 21890U 92009A   26056.42702443 -.00000007  00000-0  00000-0 0  9993
2 21890  54.2203 170.2679 0052952  60.0057 301.0845  1.91828359243951
0 NAVSTAR 25 (USA 80)
1 21930U 92019A   26059.04162552 -.00000050  00000-0  00000-0 0  9999
2 21930  55.0327 309.0338 0030854 344.3159 195.9144  1.87661195239409
0 NAVSTAR 26 (USA 83)
1 22014U 92039A   26061.61602887  .00000018  00000-0  00000+0 0  9993
2 22014  55.4863 123.3201 0005916 285.3737  74.6363  1.87911739 73252
0 COSMOS 2206 (GLONASS)
1 22056U 92047A   26060.36396905 -.00000021  00000-0  00000-0 0  9996
2 22056  64.2116 305.8972 0009295 248.6319 292.0954  2.13107075261320
0 COSMOS 2204 (GLONASS)
1 22057U 92047B   26059.36569447 -.00000020  00000-0  00000-0 0  9997
2 22057  64.2285 306.1320 0016359 347.0512 185.5638  2.13102510261219
0 COSMOS 2205 (GLONASS)
1 22058U 92047C   26062.12613951 -.00000028  00000-0  00000+0 0  9993
2 22058  64.2204 305.9702 0018703 225.5324 313.8753  2.13103095261277
0 NAVSTAR 27 (USA 84)
1 22108U 92058A   26058.38659399 -.00000033  00000-0  00000-0 0  9997
2 22108  54.6627 170.6143 0017310  44.6921 315.4221  1.87560941240965
0 NAVSTAR 28 (USA 85)
1 22231U 92079A   26062.26903423  .00000024  00000-0  00000+0 0  9997
2 22231  55.5114 117.4709 0024233   1.0405 359.0466  1.89108542 60137
0 NAVSTAR 29 (USA 87)
1 22275U 92089A   26058.46321360 -.00000021  00000-0  00000-0 0  9996
2 22275  54.9950 132.1947 0073507  78.7315  15.0981  1.88246586234812
0 NAVSTAR 30 (USA 88)
1 22446U 93007A   26060.90392051  .00000014  00000-0  00000-0 0  9995
2 22446  53.3289 246.9181 0028425  42.5362 138.2524  1.88094937231981
0 COSMOS 2234 (GLONASS)
1 22512U 93010A   26059.55612741  .00000036  00000-0  00000-0 0  9997
2 22512  64.8374  73.7965 0022651 217.3019 152.9815  2.13103422256824
0 COSMOS 2236 (GLONASS)
1 22513U 93010B   26056.37580420  .00000028  00000-0  00000-0 0  9994
2 22513  64.8300  73.8068 0004025  56.5926 120.6717  2.13104499256990
0 COSMOS 2235 (GLONASS)
1 22514U 93010C   26060.45371337  .00000033  00000-0  00000-0 0  9990
2 22514  64.8494  73.9930 0009093 215.2616 256.2644  2.13102670256998
0 NAVSTAR 31 (USA 90)
1 22581U 93017A   26060.71473042 -.00000041  00000-0  00000-0 0  9996
2 22581  54.2339 302.0273 0003000  84.2197  90.3432  1.88946561 87157
0 NAVSTAR 32 (USA 91)
1 22657U 93032A   26060.09333962 -.00000004  00000-0  00000-0 0  9993
2 22657  53.6133 284.5254 0039480  89.7667  70.0527  1.87695913231873
0 NAVSTAR 33 (USA 92)
1 22700U 93042A   26059.45981631 -.00000036  00000-0  00000-0 0  9998
2 22700  54.7092 172.7455 0011942  32.2841 328.9276  1.89431872235075
0 NAVSTAR 34 (USA 94)
1 22779U 93054A   26059.62754060  .00000013  00000-0  00000-0 0  9994
2 22779  53.3291 221.7150 0050830 251.7213 109.8036  1.89129653233972
0 NAVSTAR 35 (USA 96)
1 22877U 93068A   26058.82558369 -.00000107  00000-0  00000-0 0  9998
2 22877  55.4733 341.1253 0007248 127.6015  64.1684  1.88540894234394
0 NAVSTAR 36 (USA 100)
1 23027U 94016A   26061.64610352 -.00000010  00000-0  00000+0 0  9997
2 23027  53.2011 277.8443 0033266 216.5125 325.5604  1.86674887231236
0 COSMOS 2276 (GLONASS)
1 23043U 94021A   26062.27822490 -.00000026  00000-0  00000+0 0  9996
2 23043  64.0628 304.5607 0019131 188.4655 162.9892  2.13099359247974
0 COSMOS 2277 (GLONASS)
1 23044U 94021B   26062.30284615 -.00000026  00000-0  00000+0 0  9992
2 23044  64.0510 304.4176 0057789 209.9194 348.4974  2.13104414248155
0 COSMOS 2275 (GLONASS)
1 23045U 94021C   26059.69500831 -.00000016  00000-0  00000-0 0  9992
2 23045  64.0403 304.4021 0028867  33.3079 148.2896  2.13101313247919
0 COSMOS 2287 (GLONASS)
1 23203U 94050A   26056.43361113  .00000061  00000-0  00000-0 0  9996
2 23203  65.4187 205.8370 0012656  23.6434 334.9130  2.13101199245461
0 COSMOS 2289 (GLONASS)
1 23204U 94050B   26059.89461340  .00000004  00000-0  00000-0 0  9990
2 23204  65.4073 205.5852 0008616 329.2278  30.6823  2.13103209245362
0 COSMOS 2288 (GLONASS)
1 23205U 94050C   26055.80164078  .00000069  00000-0  00000-0 0  9997
2 23205  65.4134 205.7931 0001520 315.9064 226.3179  2.13101418245439
0 COSMOS 2295 (GLONASS)
1 23396U 94076A   26059.54978140  .00000035  00000-0  00000-0 0  9997
2 23396  64.7856  72.8530 0037636 205.2270 150.1440  2.13102474243186
0 COSMOS 2296 (GLONASS)
1 23397U 94076B   26062.32602703  .00000017  00000-0  00000+0 0  9996
2 23397  64.7782  72.6144 0011298 260.0863 192.5420  2.13099527243235
0 COSMOS 2294 (GLONASS)
1 23398U 94076C   26059.90305251  .00000034  00000-0  00000+0 0  9994
2 23398  64.7701  72.5332 0004927  23.7774 153.2406  2.13101762243379
0 COSMOS 2307 (GLONASS)
1 23511U 95009A   26060.08268234 -.00000018  00000-0  00000-0 0  9992
2 23511  64.0870 305.0726 0006148 122.4028  24.6655  2.13105570240895
0 COSMOS 2308 (GLONASS)
1 23512U 95009B   26062.40867492 -.00000027  00000-0  00000+0 0  9991
2 23512  64.0729 304.8802 0005732 329.1591 210.2748  2.13099906240958
0 COSMOS 2309 (GLONASS)
1 23513U 95009C   26062.21572773 -.00000027  00000-0  00000+0 0  9996
2 23513  64.0814 305.1223 0036080 213.6908 336.1813  2.13052239241044
0 COSMOS 2316 (GLONASS)
1 23620U 95037A   26057.51169335  .00000043  00000-0  00000+0 0  9996
2 23620  65.4700 206.3863 0012717 154.3384 212.5818  2.13101748238086
0 COSMOS 2317 (GLONASS)
1 23621U 95037B   26061.90448556 -.00000002  00000-0  00000+0 0  9996
2 23621  65.4800 206.3886 0009359 164.9499 196.7981  2.13101622237999
0 COSMOS 2318 (GLONASS)
1 23622U 95037C   26061.49200554 -.00000003  00000-0  00000+0 0  9996
2 23622  65.4720 206.2850 0016850  67.6060 292.5334  2.13101747237960
0 COSMOS 2325 (GLONASS)
1 23734U 95068A   26061.58785352 -.00000003  00000-0  00000+0 0  9998
2 23734  65.4741 206.2270 0020291 217.6281 144.0042  2.13102349235121
0 COSMOS 2324 (GLONASS)
1 23735U 95068B   26059.82690132  .00000006  00000-0  00000-0 0  9997
2 23735  65.4714 206.2273 0004703  97.6920 262.3229  2.13102715235152
0 COSMOS 2323 (GLONASS)
1 23736U 95068C   26061.81711354 -.00000003  00000-0  00000-0 0  9998
2 23736  65.4629 206.0617 0009091 184.3572 176.2442  2.13103692234941
0 NAVSTAR 37 (USA 117)
1 23833U 96019A   26060.80447976  .00000007  00000-0  00000-0 0  9990
2 23833  52.8978 269.4451 0008949  23.8499 153.7923  1.94619617 80671
0 NAVSTAR 38 (USA 126)
1 23953U 96041A   26060.49315561 -.00000037  00000-0  00000-0 0  9991
2 23953  55.9302  50.2969 0060875 107.2223  93.3603  1.88695476212757
0 NAVSTAR 39 (USA 128)
1 24320U 96056A   26061.96375653  .00000003  00000-0  00000+0 0  9998
2 24320  53.7666 240.4955 0029022 213.1912 144.7528  1.86498984208524
0 NAVSTAR 43 (USA 132)
1 24876U 97035A   26062.00416581  .00000024  00000-0  00000+0 0  9997
2 24876  55.9346 102.7259 0097907  56.2756 304.7352  2.00563944209828
0 NAVSTAR 44 (USA 135)
1 25030U 97067A   26059.76938434 -.00000034  00000-0  00000-0 0  9993
2 25030  55.5962 177.1699 0020238 259.0769  91.6419  1.88437587204644
0 COSMOS 2364 (GLONASS)
1 25593U 98077A   26057.77164990  .00000024  00000-0  00000+0 0  9993
2 25593  64.2597  64.0223 0031054  50.6366 125.9701  2.13102769211308
0 COSMOS 2363 (GLONASS)
1 25594U 98077B   26060.73332610  .00000014  00000-0  00000-0 0  9990
2 25594  64.2569  63.8458 0026367  42.8815 314.1464  2.13103447211388
0 COSMOS 2362 (GLONASS)
1 25595U 98077C   26060.43388618  .00000016  00000-0  00000-0 0  9999
2 25595  64.2667  63.9897 0006625  56.6748 120.4354  2.13103815211384
0 NAVSTAR 46 (USA 145)
1 25933U 99055A   26061.61078607 -.00000047  00000-0  00000+0 0  9991
2 25933  51.5586 300.1306 0106445 171.6529 195.2858  2.00567799193442
0 NAVSTAR 48 (USA 151)
1 26407U 00040A   26062.09329328 -.00000006  00000-0  00000+0 0  9991
2 26407  54.8758 219.3737 0122735 302.5262  55.9765  2.00568878187816
0 COSMOS 2375 (GLONASS)
1 26564U 00063A   26062.24419228 -.00000048  00000-0  00000+0 0  9992
2 26564  65.2603 317.4402 0007657   6.8921 353.1778  2.13101903197527
0 COSMOS 2376 (GLONASS)
1 26565U 00063B   26057.23304740 -.00000049  00000-0  00000+0 0  9999
2 26565  65.2682 317.6434 0005653  23.5186 155.1186  2.13102224197457
0 COSMOS 2374 (GLONASS)
1 26566U 00063C   26061.24419549 -.00000045  00000-0  00000-0 0  9997
2 26566  65.2379 317.2228 0077606 209.7972 338.3710  2.13099587197473
0 NAVSTAR 49 (USA 154)
1 26605U 00071A   26062.29103852  .00000021  00000-0  00000+0 0  9995
2 26605  55.5622  99.1361 0173096 265.5222 158.9226  2.00570550185398
0 NAVSTAR 50 (USA 156)
1 26690U 01004A   26060.89517727 -.00000070  00000-0  00000+0 0  9995
2 26690  55.1426  36.6571 0002803 354.7598 188.8298  1.91588001181489
0 COSMOS 2382 (GLONASS)
1 26987U 01053A   26057.92524824  .00000020  00000-0  00000-0 0  9999
2 26987  64.0134  61.3491 0004356 223.6631 316.7113  2.13104848188603
0 COSMOS 2381 (GLONASS)
1 26988U 01053B   26061.33215258  .00000003  00000-0  00000-0 0  9999
2 26988  64.0188  61.2553 0045972 229.8515 130.1907  2.13103736188759
0 COSMOS 2380 (GLONASS)
1 26989U 01053C   26060.36537723  .00000011  00000-0  00000+0 0  9994
2 26989  64.0119  61.2413 0005594  33.1697 131.4180  2.13102763188714
0 COSMOS 2394 (GLONASS)
1 27617U 02060A   26059.25671801 -.00000050  00000-0  00000-0 0  9999
2 27617  65.4886 319.3444 0001953 344.2748  15.7690  2.13102394180406
0 COSMOS 2396 (GLONASS)
1 27618U 02060B   26061.32180520 -.00000049  00000-0  00000-0 0  9992
2 27618  65.4898 319.2709 0003062 138.6531  51.0467  2.13099489180338
0 COSMOS 2395 (GLONASS)
1 27619U 02060C   26061.72559123 -.00000050  00000-0  00000-0 0  9998
2 27619  65.5028 319.3952 0011487 252.0405 275.6382  2.13103436180379
0 NAVSTAR 51 (USA 166)
1 27663U 03005A   26062.42063534 -.00000005  00000-0  00000+0 0  9990
2 27663  54.9076 219.1686 0148734  52.7101 318.0754  2.00566304169193
0 NAVSTAR 52 (USA 168)
1 27704U 03010A   26061.27711442 -.00000092  00000-0  00000-0 0  9999
2 27704  54.8755 329.1972 0004797 339.1265 192.0243  1.94742967167830
0 COSMOS 2404 (GLONASS)
1 28112U 03056A   26061.06872300  .00000014  00000-0  00000+0 0  9993
2 28112  64.1869  65.8464 0047929  68.7892 313.6009  2.13088157172944
0 COSMOS 2402 (GLONASS)
1 28113U 03056B   26060.56614626  .00000018  00000-0  00000-0 0  9998
2 28113  64.2019  65.9742 0050346  72.4163 107.7010  2.13104977172957
0 COSMOS 2403 (GLONASS)
1 28114U 03056C   26062.33145451  .00000004  00000-0  00000+0 0  9995
2 28114  64.2066  65.9646 0058465  61.7163 300.8573  2.13104711172994
0 NAVSTAR 53 (USA 175)
1 28129U 03058A   26062.17520889 -.00000094  00000-0  00000+0 0  9997
2 28129  54.9664  27.1918 0003211 312.1396  47.8159  1.92678442162420
0 NAVSTAR 54 (USA 177)
1 28190U 04009A   26061.95050060 -.00000010  00000-0  00000+0 0  9994
2 28190  54.9168 279.9786 0110897 169.0266  18.2442  2.00558110160818
0 NAVSTAR 55 (USA 178)
1 28361U 04023A   26060.93807745  .00000018  00000-0  00000+0 0  9994
2 28361  54.7877  91.0427 0159536 298.5462  58.7895  2.00551613158883
0 NAVSTAR 56 (USA 180)
1 28474U 04045A   26062.39736959 -.00000091  00000-0  00000+0 0  9995
2 28474  55.1953 329.1598 0170855 312.7876 260.4930  2.00573320156303
0 COSMOS 2413 (GLONASS)
1 28508U 04053A   26062.25704050  .00000000  00000-0  00000+0 0  9993
2 28508  64.1443  63.9755 0006392 239.1359 179.7353  2.13103661164878
0 COSMOS 2411 (GLONASS)
1 28509U 04053B   26061.49876558  .00000007  00000-0  00000+0 0  9999
2 28509  64.1401  63.9475 0004289 251.5804 285.6776  2.13096696164840
0 COSMOS 2412 (GLONASS)
1 28510U 04053C   26060.73341277  .00000014  00000-0  00000-0 0  9991
2 28510  64.1479  64.1037 0008718 254.0574 103.4140  2.13103070164822
0 NAVSTAR 57 (USA 183)
1 28874U 05038A   26061.34676233 -.00000001  00000-0  00000-0 0  9996
2 28874  54.9646 277.4881 0128857 295.3112 199.7188  2.00573091149695
0 COSMOS 2419 (GLONASS)
1 28915U 05050A   26060.51511332 -.00000050  00000-0  00000-0 0  9996
2 28915  65.6289 319.7309 0014953 335.8776 222.9033  2.13108125157070
0 COSMOS 2418 (GLONASS)
1 28916U 05050B   26061.41283959 -.00000050  00000-0  00000+0 0  9997
2 28916  65.6510 319.8747 0011780 286.6897 250.3807  2.13106093156982
0 COSMOS 2417 (GLONASS)
1 28917U 05050C   26060.37753038 -.00000050  00000-0  00000-0 0  9993
2 28917  65.6315 319.7681 0016387  95.8069  81.4435  2.13104082156932
0 NAVSTAR 58 (USA 190)
1 29486U 06042A   26062.31560927 -.00000004  00000-0  00000+0 0  9994
2 29486  54.6983 155.5433 0106749  52.8742 318.7308  2.00575364142275
0 NAVSTAR 59 (USA 192)
1 29601U 06052A   26062.21657634 -.00000006  00000-0  00000+0 0  9997
2 29601  54.9576 218.2041 0087889  89.3417 271.6153  2.00551534141282
0 COSMOS 2425 (GLONASS)
1 29670U 06062A   26062.46006677 -.00000005  00000-0  00000+0 0  9995
2 29670  64.6938 197.7987 0022390 357.7233 358.9059  2.13117155149320
0 COSMOS 2426 (GLONASS)
1 29671U 06062B   26060.83933816 -.00000011  00000-0  00000+0 0  9996
2 29671  64.7004 198.1035 0021819 180.0306  10.5480  2.12963360149266
0 COSMOS 2424 (GLONASS)
1 29672U 06062C   26059.50196494 -.00000004  00000-0  00000+0 0  9994
2 29672  64.6971 197.9128 0019769 173.7994 186.1873  2.13122684149265
0 NAVSTAR 60 (USA 196)
1 32260U 07047A   26062.02486888  .00000007  00000-0  00000+0 0  9997
2 32260  54.0146  84.4403 0163591  85.9374 275.9956  2.00560751134680
0 COSMOS 2433 (GLONASS)
1 32275U 07052A   26061.86341554 -.00000050  00000-0  00000+0 0  9999
2 32275  65.6357 319.5137 0002225 271.4287  88.6025  2.13103856142795
0 COSMOS 2432 (GLONASS)
1 32276U 07052B   26061.24419549 -.00000050  00000-0  00000-0 0  9993
2 32276  65.6520 319.6603 0010650 329.8835 219.3365  2.13103039142800
0 COSMOS 2431 (GLONASS)
1 32277U 07052C   26060.20183602 -.00000049  00000-0  00000-0 0  9995
2 32277  65.6496 319.4951 0014206 174.2256  11.6549  2.13209123142917
0 NAVSTAR 61 (USA 199)
1 32384U 07062A   26062.08783465 -.00000009  00000-0  00000+0 0  9991
2 32384  55.1158 278.4165 0032895 160.6467  12.9294  2.00553422133385
0 COSMOS 2434 (GLONASS)
1 32393U 07065A   26062.24563601 -.00000008  00000-0  00000+0 0  9999
2 32393  64.3184 195.4861 0003829  70.2306 113.3409  2.13101160141510
0 COSMOS 2435 (GLONASS)
1 32394U 07065B   26062.28481641 -.00000008  00000-0  00000+0 0  9997
2 32394  64.3221 195.4800 0025409   0.5009 359.4610  2.13115370141481
0 COSMOS 2436 (GLONASS)
1 32395U 07065C   26062.00748204 -.00000010  00000-0  00000+0 0  9992
2 32395  64.3269 195.5651 0017539   7.5258 126.0860  2.13099970141467
0 NAVSTAR 62 (USA 201)
1 32711U 08012A   26061.94317565 -.00000007  00000-0  00000+0 0  9997
2 32711  54.4823 154.1705 0206885 246.1613 111.6809  2.00569103131622
0 COSMOS 2442 (GLONASS)
1 33378U 08046A   26055.38817031 -.00000050  00000-0  00000-0 0  9997
2 33378  65.5271 318.6734 0018177 313.0546 250.1620  2.13108797135542
0 COSMOS 2443 (GLONASS)
1 33379U 08046B   26061.36694855 -.00000048  00000-0  00000-0 0  9997
2 33379  65.5356 318.5897 0014961 181.7677   0.5701  2.13098980135671
0 COSMOS 2444 (GLONASS)
1 33380U 08046C   26060.20183602 -.00000048  00000-0  00000-0 0  9994
2 33380  65.5446 318.6785 0018921 292.3286 247.2072  2.13112139135646
0 COSMOS 2447 (GLONASS)
1 33466U 08067A   26060.56514007  .00000031  00000-0  00000-0 0  9999
2 33466  64.7501  73.0484 0008678 267.8309 263.8926  2.13107963133675
0 COSMOS 2449 (GLONASS)
1 33467U 08067B   26057.60658233  .00000033  00000-0  00000-0 0  9993
2 33467  64.7420  73.0599 0033965 238.6354 121.0824  2.13096622133600
0 COSMOS 2448 (GLONASS)
1 33468U 08067C   26061.10552728  .00000027  00000-0  00000-0 0  9999
2 33468  64.7507  72.9590 0003221 245.9597 114.0534  2.13116715133750
0 NAVSTAR 63 (USA 203)
1 34661U 09014A   26061.89235802 -.00000009  00000-0  00000+0 0  9995
2 34661  54.5053 214.9147 0144899  61.4264 327.7951  2.00555864124152
0 NAVSTAR 64 (USA 206)
1 35752U 09043A   26061.93437243 -.00000080  00000-0  00000+0 0  9996
2 35752  56.1473  31.6254 0051678  80.7067 288.9029  2.00560482121230
0 COSMOS 2456 (GLONASS)
1 36111U 09070A   26062.42573193  .00000019  00000-0  00000+0 0  9997
2 36111  64.9483  74.5788 0006300 305.6154 173.6630  2.13103384126178
0 COSMOS 2457 (GLONASS)
1 36112U 09070B   26062.57085889  .00000018  00000-0  00000+0 0  9993
2 36112  64.9335  74.4199 0002183 196.2080 162.7915  2.13100826126170
0 COSMOS 2458 (GLONASS)
1 36113U 09070C   26062.27032800  .00000020  00000-0  00000+0 0  9999
2 36113  64.9389  74.4800 0005752 308.8091  58.0978  2.13082110126202
0 COSMOS 2459 (GLONASS)
1 36400U 10007A   26060.31780927 -.00000047  00000-0  00000-0 0  9994
2 36400  65.5020 318.2309 0026711 347.6075 197.7012  2.13116752124527
0 COSMOS 2461 (GLONASS)
1 36401U 10007B   26062.27405817 -.00000049  00000-0  00000+0 0  9995
2 36401  65.4955 318.1249 0021545 359.8324 181.6161  2.13106707124568
0 COSMOS 2460 (GLONASS)
1 36402U 10007C   26062.33586596 -.00000049  00000-0  00000+0 0  9997
2 36402  65.4805 318.0507 0001776  12.6910 166.7779  2.13106007124470
0 NAVSTAR 65 (USA 213)
1 36585U 10022A   26061.75914808 -.00000011  00000-0  00000-0 0  9992
2 36585  54.2892 212.8472 0127355  65.8685 294.0033  2.00557144115451
0 COSMOS 2466 (GLONASS)
1 37137U 10041A   26054.51036206  .00000063  00000-0  00000-0 0  9996
2 37137  63.8948 193.9713 0016929 173.4345 187.7195  2.13111943120420
0 COSMOS 2465 (GLONASS)
1 37138U 10041B   26055.45356689  .00000052  00000-0  00000-0 0  9999
2 37138  63.9113 194.0969 0040789 179.9583 187.0596  2.13098198120465
0 COSMOS 2464 (GLONASS)
1 37139U 10041C   26060.93182753 -.00000015  00000-0  00000+0 0  9997
2 37139  63.9171 193.9345 0034411  12.9514  90.6432  2.13098879120601
0 COSMOS 2471 (GLONASS)
1 37372U 11009A   26061.12089102 -.00000047  00000-0  00000-0 0  9993
2 37372  65.4686 318.1076 0009169 326.2150  36.0366  2.12911078116800
0 NAVSTAR 66 (USA 232)
1 37753U 11036A   26062.38417781 -.00000097  00000-0  00000+0 0  9997
2 37753  56.6121 336.1384 0139753  60.8166  96.8856  2.00563319107156
0 COSMOS 2474 (GLONASS)
1 37829U 11055A   26058.22058512  .00000039  00000-0  00000+0 0  9998
2 37829  65.2257  76.5925 0011311 246.1481 107.3919  2.13101175112101
0 COSMOS 2476 (GLONASS)
1 37867U 11064A   26061.08238354  .00000034  00000-0  00000-0 0  9998
2 37867  65.2077  76.4865 0025205 241.1677 195.8820  2.13103599111489
0 COSMOS 2477 (GLONASS)
1 37868U 11064B   26062.25639741  .00000024  00000-0  00000+0 0  9992
2 37868  65.2151  76.5253 0022242 242.8811 195.4983  2.13102695111506
0 COSMOS 2475 (GLONASS)
1 37869U 11064C   26062.32646874  .00000024  00000-0  00000+0 0  9996
2 37869  65.2220  76.5435 0028097 254.3538 193.3549  2.13101445111512
0 COSMOS 2478 (GLONASS)
1 37938U 11071A   26060.21479183 -.00000047  00000-0  00000+0 0  9990
2 37938  65.5240 318.5103 0016371 222.0138 316.0321  2.13015551110844
0 BEIDOU 12
1 38250U 12018A   26061.87111738 -.00000057  00000-0  00000+0 0  9993
2 38250  55.8476 308.4601 0021196 279.5811  80.2400  1.86229768 93969
0 BEIDOU 13
1 38251U 12018B   26061.80325391 -.00000055  00000-0  00000+0 0  9997
2 38251  55.7490 307.6852 0012856 286.3325  73.5869  1.86229510 93962
0 BEIDOU 14
1 38774U 12050A   26061.65113842 -.00000011  00000-0  00000+0 0  9994
2 38774  56.3465  66.4164 0043630 262.7286  96.8075  1.86251380 75861
0 BEIDOU 15
1 38775U 12050B   26060.97652929 -.00000006  00000-0  00000-0 0  9998
2 38775  56.4507  66.4378 0013903 341.6100  18.3756  1.86230866 91318
0 NAVSTAR 67 (USA 239)
1 38833U 12053A   26060.62550247 -.00000018  00000-0  00000-0 0  9991
2 38833  53.5656 148.0073 0176910  64.7623 297.0865  2.00565726 97288
0 COSMOS 2485 (GLONASS)
1 39155U 13019A   26061.38826741  .00000033  00000-0  00000-0 0  9997
2 39155  65.3584  77.1881 0025518 236.7520 123.0557  2.13102955100006
0 NAVSTAR 68 (USA 242)
1 39166U 13023A   26060.98893270  .00000006  00000-0  00000-0 0  9990
2 39166  54.5878 273.3391 0141553  49.8819 311.3944  2.00564153 93733
0 NAVSTAR 69 (USA 248)
1 39533U 14008A   26061.48588350 -.00000013  00000-0  00000-0 0  9997
2 39533  53.6376 153.6733 0082226 228.2234 131.0919  2.00552925 87544
0 COSMOS 2492 (GLONASS)
1 39620U 14012A   26060.87784062 -.00000046  00000-0  00000-0 0  9995
2 39620  65.3591 317.5854 0013264 325.8526  34.1188  2.13103112 92955
0 NAVSTAR 70 (USA 251)
1 39741U 14026A   26061.76411200 -.00000096  00000-0  00000+0 0  9998
2 39741  56.5473 335.6635 0039889 324.4172  35.3477  2.00568745 86401
0 COSMOS 2500 (GLONASS)
1 40001U 14032A   26061.04898512 -.00000045  00000-0  00000-0 0  9997
2 40001  65.2942 317.3353 0005232 203.2549 156.7786  2.13105727 91173
0 NAVSTAR 71 (USA 256)
1 40105U 14045A   26062.35011831  .00000016  00000-0  00000+0 0  9998
2 40105  55.2804  92.6803 0031529 120.5063 239.8766  2.00551389 83950
0 GALILEO 5 (261)
1 40128U 14050A   26059.54184441  .00000000  00000-0  00000-0 0  9998
2 40128  48.9916 277.8823 1657123 175.1843 186.6547  1.85519933 76302
0 GALILEO 6 (262)
1 40129U 14050B   26061.95370111 -.00000024  00000-0  00000+0 0  9994
2 40129  49.0058 276.8679 1658464 176.0142 185.5046  1.85520711 78514
0 NAVSTAR 72 (USA 258)
1 40294U 14068A   26061.72976413 -.00000072  00000-0  00000+0 0  9991
2 40294  56.9183  35.0563 0062729  68.0429 292.6114  2.00569705 83077
0 COSMOS 2501 (GLONASS)
1 40315U 14075A   26060.84023701 -.00000015  00000-0  00000-0 0  9996
2 40315  63.6170 194.0851 0020735 205.7160 154.1408  2.13101099 87569
0 NAVSTAR 73 (USA 260)
1 40534U 15013A   26062.35961980 -.00000013  00000-0  00000+0 0  9997
2 40534  53.1865 208.5527 0108741  39.7842 320.9512  2.00557636 79708
0 NAVSTAR 74 (USA 262)
1 40730U 15033A   26062.52018166 -.00000008  00000-0  00000+0 0  9999
2 40730  54.0652 271.4414 0114474  28.9620 331.7017  2.00561598 77876
0 BD-18
1 40748U 15037A   26062.00734269 -.00000054  00000-0  00000+0 0  9995
2 40748  54.9640 305.7036 0008910 278.2711  81.6884  1.86231804 72145
0 BD-19
1 40749U 15037B   26061.69084880 -.00000053  00000-0  00000+0 0  9996
2 40749  54.9610 305.7025 0004647  29.9008 330.1863  1.86253746 72142
0 NAVSTAR 75 (USA 265)
1 41019U 15062A   26062.08043405 -.00000074  00000-0  00000+0 0  9990
2 41019  56.8920  34.8990 0111459 231.4865 127.4993  2.00567044 75702
0 BD-21
1 41315U 16006A   26061.17797924 -.00000005  00000-0  00000-0 0  9994
2 41315  56.6126  67.1602 0005190 292.9279  67.0538  1.86230861 68603
0 NAVSTAR 76 (USA 266)
1 41328U 16007A   26062.16575164  .00000018  00000-0  00000+0 0  9991
2 41328  55.4547  93.6619 0095403 245.9731 113.0958  2.00556827 73716
0 COSMOS 2514 (GLONASS)
1 41330U 16008A   26061.29392884 -.00000045  00000-0  00000-0 0  9996
2 41330  65.0839 316.6776 0009165 209.7973 150.2088  2.13102552 78345
0 COSMOS 2516 (GLONASS)
1 41554U 16032A   26061.85371118 -.00000011  00000-0  00000+0 0  9992
2 41554  63.8443 194.7079 0016627 209.3131 150.5537  2.13106493 75969
0 COSMOS 2522 (GLONASS)
1 42939U 17055A   26060.66254924 -.00000014  00000-0  00000-0 0  9993
2 42939  64.0792 195.5407 0007124 226.6423 133.2575  2.13101627 65681
0 BEIDOU 3M1
1 43001U 17069A   26062.35283419 -.00000016  00000-0  00000+0 0  9999
2 43001  56.6002  66.5689 0012409 309.5374  50.3827  1.86230953 56638
0 BEIDOU 3M2
1 43002U 17069B   26062.29133178 -.00000015  00000-0  00000+0 0  9998
2 43002  56.5986  66.6073 0009696 328.7489  31.2236  1.86230505 56625
0 BEIDOU 3M3
1 43107U 18003A   26062.03335740 -.00000057  00000-0  00000+0 0  9990
2 43107  54.4221 306.0180 0004645  71.0073 289.1026  1.86232234 55379
0 BEIDOU 3M4
1 43108U 18003B   26061.44195370 -.00000053  00000-0  00000-0 0  9995
2 43108  54.4152 306.0214 0003139 293.2400  66.7868  1.86230717 55377
0 BEIDOU 3M5
1 43207U 18018A   26062.42109766 -.00000016  00000-0  00000+0 0  9992
2 43207  56.5592  66.6343 0006867 350.5022   9.5144  1.86230898 54773
0 BEIDOU 3M6
1 43208U 18018B   26062.48754493 -.00000017  00000-0  00000+0 0  9993
2 43208  56.5587  66.6362 0009871 319.6574  40.2986  1.86231048 54779
0 BEIDOU 3M7
1 43245U 18029A   26062.16773196 -.00000053  00000-0  00000+0 0  9992
2 43245  54.2892 303.6572 0000915  20.7299 339.3338  1.86228161 53926
0 BEIDOU 3M8
1 43246U 18029B   26062.10261873 -.00000053  00000-0  00000+0 0  9991
2 43246  54.2869 303.6873 0005105  23.5848 336.4987  1.86228882 53908
0 COSMOS 2527 (GLONASS)
1 43508U 18053A   26061.09309953  .00000036  00000-0  00000-0 0  9999
2 43508  65.5168  77.4788 0009594 245.0851 114.8694  2.13101983 59999
0 BEIDOU 3M9
1 43581U 18062A   26061.78977297 -.00000024  00000-0  00000+0 0  9995
2 43581  54.0881 185.9208 0002090 310.9127  49.0230  1.86228549 51656
0 BEIDOU 3M10
1 43582U 18062B   26062.18964031 -.00000020  00000-0  00000+0 0  9999
2 43582  54.0877 185.8964 0006269  44.1791 315.8264  1.86227508 51661
0 BEIDOU 3M11
1 43602U 18067A   26061.59110086 -.00000026  00000-0  00000+0 0  9990
2 43602  54.1825 184.6546 0008588  39.8197 320.1981  1.86227627 51137
0 BEIDOU 3M12
1 43603U 18067B   26061.18888096 -.00000029  00000-0  00000-0 0  9993
2 43603  54.1803 184.6321 0005013  34.6184 325.3680  1.86227037 51154
0 BEIDOU 3M13
1 43622U 18072A   26061.14480929 -.00000007  00000-0  00000-0 0  9995
2 43622  56.5306  66.1905 0008885 307.5967  52.3573  1.86230769 50661
0 BEIDOU 3M14
1 43623U 18072B   26061.01026698 -.00000006  00000-0  00000-0 0  9990
2 43623  56.5324  66.1890 0006344 328.5825  31.4150  1.86230813 50657
0 BEIDOU 3M15
1 43647U 18078A   26061.16715456 -.00000048  00000-0  00000-0 0  9991
2 43647  54.1863 303.7392 0008435  30.8134 329.2965  1.86232266 50163
0 BEIDOU 3M16
1 43648U 18078B   26061.83340197 -.00000052  00000-0  00000+0 0  9996
2 43648  54.1817 303.7166 0005313  37.9111 322.1864  1.86232006 50192
0 COSMOS 2529 (GLONASS)
1 43687U 18086A   26058.37448306  .00000008  00000-0  00000-0 0  9995
2 43687  64.2955 196.2992 0007960 253.0448 106.8346  2.13101880 56943
0 BEIDOU 3M17
1 43706U 18093A   26061.46828306 -.00000026  00000-0  00000-0 0  9992
2 43706  54.1714 185.9163 0006994 297.4131  70.7484  1.86228347 49556
0 BEIDOU 3M18
1 43707U 18093B   26061.31825568 -.00000028  00000-0  00000+0 0  9995
2 43707  54.1724 185.9133 0006020 341.6195  18.3110  1.86226384 49549
0 NAVSTAR 77 (USA 289)
1 43873U 18109A   26062.31109659  .00000020  00000-0  00000+0 0  9995
2 43873  55.6143  96.3624 0037893 198.2706 159.2601  2.00556693 52944
0 COSMOS 2534 (GLONASS)
1 44299U 19030A   26062.19180852 -.00000008  00000-0  00000+0 0  9999
2 44299  64.3688 196.1824 0009568 280.0813 262.7933  2.13102162 52665
0 NAVSTAR 78 (USA 293)
1 44506U 19056A   26062.19130604 -.00000098  00000-0  00000+0 0  9997
2 44506  55.6853 335.3576 0058023 198.1770 333.1087  2.00568213 47942
0 BEIDOU 3M23
1 44542U 19061A   26062.46218233 -.00000017  00000-0  00000+0 0  9999
2 44542  54.3994 186.2929 0008608  21.3432 338.6489  1.86228787 43826
0 BEIDOU 3M24
1 44543U 19061B   26062.31966779 -.00000018  00000-0  00000+0 0  9990
2 44543  54.3976 186.2660 0005077  14.2210 162.4807  1.86227170 43823
0 BEIDOU 3M21
1 44793U 19078A   26059.07985671 -.00000039  00000-0  00000-0 0  9990
2 44793  54.0347 303.6688 0007221  34.9561 325.1493  1.86231871 42613
0 BEIDOU 3M22
1 44794U 19078B   26061.36718642 -.00000049  00000-0  00000+0 0  9998
2 44794  54.0055 303.5509 0005915  39.6239 320.4796  1.86227509 42665
0 COSMOS 2544 (GLONASS)
1 44850U 19088A   26062.44551424  .00000024  00000-0  00000+0 0  9997
2 44850  65.5052  77.2588 0015744 259.4507 100.4201  2.13101810 48463
0 BEIDOU 3M19
1 44864U 19090A   26061.26275238 -.00000008  00000-0  00000-0 0  9994
2 44864  56.4657  66.3234 0020408 291.3317 195.2232  1.86231220 42246
0 BEIDOU 3M20
1 44865U 19090B   26061.06620792 -.00000006  00000-0  00000-0 0  9990
2 44865  56.4671  66.3642 0017812 302.8548 141.5369  1.86231168 42229
0 COSMOS 2545 (GLONASS)
1 45358U 20018A   26062.17182914 -.00000047  00000-0  00000+0 0  9996
2 45358  64.4184 316.1472 0008275 250.6978 109.2727  2.13102256 46401
0 NAVSTAR 79 (USA 304)
1 45854U 20041A   26062.27516370 -.00000078  00000-0  00000+0 0  9995
2 45854  56.6052  33.0526 0061366 205.2583 328.7601  2.00560606 41915
0 COSMOS 2547 (GLONASS)
1 46805U 20075A   26061.42179443 -.00000012  00000-0  00000-0 0  9990
2 46805  64.5998 196.0353 0006708 229.5207 130.3796  2.13100073 41631
0 NAVSTAR 80 (USA 309)
1 46826U 20078A   26062.32582115 -.00000009  00000-0  00000+0 0  9995
2 46826  54.0019 215.0694 0068171 204.2751 339.5247  2.00565507 39384
0 NAVSTAR 81 (USA 319)
1 48859U 21054A   26062.49128030 -.00000100  00000-0  00000+0 0  9990
2 48859  55.2215 336.7105 0023865 232.0768 255.4185  2.00575580 34631
0 COSMOS 2557 (GLONASS)
1 52984U 22075A   26060.64837998 -.00000049  00000-0  00000-0 0  9996
2 52984  64.3609 318.2759 0011670 283.4611  76.4636  2.13101625 28422
0 COSMOS 2559 (GLONASS)
1 54031U 22130A   26059.99848280 -.00000049  00000-0  00000-0 0  9995
2 54031  64.3338 318.3857 0010601 182.1671 177.8809  2.13101169 26384
0 COSMOS 2564 (GLONASS)
1 54377U 22161A   26061.71905072 -.00000011  00000-0  00000+0 0  9996
2 54377  64.7417 196.2427 0009387 209.4711 150.4350  2.13101914 25365
0 NAVSTAR 82 (USA 343)
1 55268U 23009A   26062.25600392 -.00000002  00000-0  00000+0 0  9995
2 55268  55.1094 152.6829 0004615 335.9551  20.9517  2.00549255 23115
0 COSMOS 2569 (GLONASS)
1 57517U 23114A   26062.20130409  .00000024  00000-0  00000+0 0  9996
2 57517  65.2411  76.1935 0012888 291.5477  68.3625  2.13103933 20006
0 BEIDOU 3 M28
1 58654U 23207A   26061.98162292 -.00000017  00000-0  00000+0 0  9994
2 58654  55.6589  65.8845 0004896 302.3246  57.6586  1.86229755 14862
0 BEIDOU 3 M26
1 58655U 23207B   26062.31605649 -.00000020  00000-0  00000+0 0  9995
2 58655  55.6612  65.8595 0005722 288.0153  71.9513  1.86229607 14852
0 ZHIHUI TIANWANG-1 01A
1 59705U 24087A   26061.43462366 -.00000025  00000-0  00000+0 0  9993
2 59705  53.1248 174.9807 0023937 199.2949 160.5907  2.00565539 13168
0 ZHIHUI TIANWANG-1 01B
1 59706U 24087B   26060.44049905 -.00000032  00000-0  00000-0 0  9993
2 59706  53.1248 175.0197 0022602 196.9028 162.9946  2.00564790 12798
0 BEIDOU 3M25
1 61186U 24168B   26062.40841492 -.00000058  00000-0  00000+0 0  9994
2 61186  54.5666 305.9191 0004277 318.3720 220.5115  1.86230084  9814
0 BEIDOU 3M27
1 61187U 24168C   26062.22127971 -.00000057  00000-0  00000+0 0  9993
2 61187  54.5623 305.9090 0002960  19.6976 168.7102  1.86230216  7282
0 NAVSTAR 83 (USA 440)
1 62339U 24242A   26059.41642148 -.00000100  00000-0  00000-0 0  9991
2 62339  54.8934 338.5934 0015681 355.9356 192.4850  2.00569355  9070
0 COSMOS 2584(GLONASS)
1 63130U 25042A   26059.74188024  .00000039  00000-0  00000-0 0  9994
2 63130  65.0213  76.4877 0007823 236.2440 123.7373  2.13103267  7730
0 NAVSTAR 84 (USA 545)
1 64202U 25116A   26062.39238150 -.00000077  00000-0  00000+0 0  9990
2 64202  55.1633  35.3874 0008474 325.1064  37.8908  2.00553198  5758
0 COSMOS 2595 (GLONASS)
1 65590U 25206B   26062.02201789 -.00000051  00000-0  00000+0 0  9991
2 65590  64.6951 318.6834 0012902 315.3933 111.4066  2.13100205  3659
0 NAVSTAR 85 (USA 581)
1 67588U 26017A   26062.00114748  .00000017  00000-0  00000+0 0  9998
2 67588  55.0177  93.0152 0001488  18.7586 341.3187  2.00560909429482